1111
1112
1113
1114
1115
1116
1117
1118
1119
1121
1122
1123
1124
1125
1126
1127
1128
1129
1131
1132
1133
1134
1135
1136
1137
1138
1139
1141
1142
1143
1144
1145
1146
1147
1148
1149
1151
1152
1153
1154
1155
1156
1157
1158
1159
1161
1162
1163
1164
1165
1166
1167
1168
1169
1171
1172
1173
1174
1175
1176
1177
1178
1179
1181
1182
1183
1184
1185
1186
1187
1188
1189
1191
1192
1193
1194
1195
1196
1197
1198
1199
1211
1212
1213
1214
1215
1216
1217
1218
1219
1221
1222
1223
1224
1225
1226
1227
1228
1229
1231
1232
1233
1234
1235
1236
1237
1238
1239
1241
1242
1243
1244
1245
1246
1247
1248
1249
1251
1252
1253
1254
1255
1256
1257
1258
1259
1261
1262
1263
1264
1265
1266
1267
1268
1269
1271
1272
1273
1274
1275
1276
1277
1278
1279
1281
1282
1283
1284
1285
1286
1287
1288
1289
1291
1292
1293
1294
1295
1296
1297
1298
1299
1311
1312
1313
1314
1315
1316
1317
1318
1319
1321
1322
1323
1324
1325
1326
1327
1328
1329
1331
1332
1333
1334
1335
1336
1337
1338
1339
1341
1342
1343
1344
1345
1346
1347
1348
1349
1351
1352
1353
1354
1355
1356
1357
1358
1359
1361
1362
1363
1364
1365
1366
1367
1368
1369
1371
1372
1373
1374
1375
1376
1377
1378
1379
1381
1382
1383
1384
1385
1386
1387
1388
1389
1391
1392
1393
1394
1395
1396
1397
1398
1399
1411
1412
1413
1414
1415
1416
1417
1418
1419
1421
1422
1423
1424
1425
1426
1427
1428
1429
1431
1432
1433
1434
1435
1436
1437
1438
1439
1441
1442
1443
1444
1445
1446
1447
1448
1449
1451
1452
1453
1454
1455
1456
1457
1458
1459
1461
1462
1463
1464
1465
1466
1467
1468
1469
1471
1472
1473
1474
1475
1476
1477
1478
1479
1481
1482
1483
1484
1485
1486
1487
1488
1489
1491
1492
1493
1494
1495
1496
1497
1498
1499
1511
1512
1513
1514
1515
1516
1517
1518
1519
1521
1522
1523
1524
1525
1526
1527
1528
1529
1531
1532
1533
1534
1535
1536
1537
1538
1539
1541
1542
1543
1544
1545
1546
1547
1548
1549
1551
1552
1553
1554
1555
1556
1557
1558
1559
1561
1562
1563
1564
1565
1566
1567
1568
1569
1571
1572
1573
1574
1575
1576
1577
1578
1579
1581
1582
1583
1584
1585
1586
1587
1588
1589
1591
1592
1593
1594
1595
1596
1597
1598
1599
1611
1612
1613
1614
1615
1616
1617
1618
1619
1621
1622
1623
1624
1625
1626
1627
1628
1629
1631
1632
1633
1634
1635
1636
1637
1638
1639
1641
1642
1643
1644
1645
1646
1647
1648
1649
1651
1652
1653
1654
1655
1656
1657
1658
1659
1661
1662
1663
1664
1665
1666
1667
1668
1669
1671
1672
1673
1674
1675
1676
1677
1678
1679
1681
1682
1683
1684
1685
1686
1687
1688
1689
1691
1692
1693
1694
1695
1696
1697
1698
1699
1711
1712
1713
1714
1715
1716
1717
1718
1719
1721
1722
1723
1724
1725
1726
1727
1728
1729
1731
1732
1733
1734
1735
1736
1737
1738
1739
1741
1742
1743
1744
1745
1746
1747
1748
1749
1751
1752
1753
1754
1755
1756
1757
1758
1759
1761
1762
1763
1764
1765
1766
1767
1768
1769
1771
1772
1773
1774
1775
1776
1777
1778
1779
1781
1782
1783
1784
1785
1786
1787
1788
1789
1791
1792
1793
1794
1795
1796
1797
1798
1799
1811
1812
1813
1814
1815
1816
1817
1818
1819
1821
1822
1823
1824
1825
1826
1827
1828
1829
1831
1832
1833
1834
1835
1836
1837
1838
1839
1841
1842
1843
1844
1845
1846
1847
1848
1849
1851
1852
1853
1854
1855
1856
1857
1858
1859
1861
1862
1863
1864
1865
1866
1867
1868
1869
1871
1872
1873
1874
1875
1876
1877
1878
1879
1881
1882
1883
1884
1885
1886
1887
1888
1889
1891
1892
1893
1894
1895
1896
1897
1898
1899
1911
1912
1913
1914
1915
1916
1917
1918
1919
1921
1922
1923
1924
1925
1926
1927
1928
1929
1931
1932
1933
1934
1935
1936
1937
1938
1939
1941
1942
1943
1944
1945
1946
1947
1948
1949
1951
1952
1953
1954
1955
1956
1957
1958
1959
1961
1962
1963
1964
1965
1966
1967
1968
1969
1971
1972
1973
1974
1975
1976
1977
1978
1979
1981
1982
1983
1984
1985
1986
1987
1988
1989
1991
1992
1993
1994
1995
1996
1997
1998
1999
2111
2112
2113
2114
2115
2116
2117
2118
2119
2121
2122
2123
2124
2125
2126
2127
2128
2129
2131
2132
2133
2134
2135
2136
2137
2138
2139
2141
2142
2143
2144
2145
2146
2147
2148
2149
2151
2152
2153
2154
2155
2156
2157
2158
2159
2161
2162
2163
2164
2165
2166
2167
2168
2169
2171
2172
2173
2174
2175
2176
2177
2178
2179
2181
2182
2183
2184
2185
2186
2187
2188
2189
2191
2192
2193
2194
2195
2196
2197
2198
2199
2211
2212
2213
2214
2215
2216
2217
2218
2219
2221
2222
2223
2224
2225
2226
2227
2228
2229
2231
2232
2233
2234
2235
2236
2237
2238
2239
2241
2242
2243
2244
2245
2246
2247
2248
2249
2251
2252
2253
2254
2255
2256
2257
2258
2259
2261
2262
2263
2264
2265
2266
2267
2268
2269
2271
2272
2273
2274
2275
2276
2277
2278
2279
2281
2282
2283
2284
2285
2286
2287
2288
2289
2291
2292
2293
2294
2295
2296
2297
2298
2299
2311
2312
2313
2314
2315
2316
2317
2318
2319
2321
2322
2323
2324
2325
2326
2327
2328
2329
2331
2332
2333
2334
2335
2336
2337
2338
2339
2341
2342
2343
2344
2345
2346
2347
2348
2349
2351
2352
2353
2354
2355
2356
2357
2358
2359
2361
2362
2363
2364
2365
2366
2367
2368
2369
2371
2372
2373
2374
2375
2376
2377
2378
2379
2381
2382
2383
2384
2385
2386
2387
2388
2389
2391
2392
2393
2394
2395
2396
2397
2398
2399
2411
2412
2413
2414
2415
2416
2417
2418
2419
2421
2422
2423
2424
2425
2426
2427
2428
2429
2431
2432
2433
2434
2435
2436
2437
2438
2439
2441
2442
2443
2444
2445
2446
2447
2448
2449
2451
2452
2453
2454
2455
2456
2457
2458
2459
2461
2462
2463
2464
2465
2466
2467
2468
2469
2471
2472
2473
2474
2475
2476
2477
2478
2479
2481
2482
2483
2484
2485
2486
2487
2488
2489
2491
2492
2493
2494
2495
2496
2497
2498
2499
2511
2512
2513
2514
2515
2516
2517
2518
2519
2521
2522
2523
2524
2525
2526
2527
2528
2529
2531
2532
2533
2534
2535
2536
2537
2538
2539
2541
2542
2543
2544
2545
2546
2547
2548
2549
2551
2552
2553
2554
2555
2556
2557
2558
2559
2561
2562
2563
2564
2565
2566
2567
2568
2569
2571
2572
2573
2574
2575
2576
2577
2578
2579
2581
2582
2583
2584
2585
2586
2587
2588
2589
2591
2592
2593
2594
2595
2596
2597
2598
2599
2611
2612
2613
2614
2615
2616
2617
2618
2619
2621
2622
2623
2624
2625
2626
2627
2628
2629
2631
2632
2633
2634
2635
2636
2637
2638
2639
2641
2642
2643
2644
2645
2646
2647
2648
2649
2651
2652
2653
2654
2655
2656
2657
2658
2659
2661
2662
2663
2664
2665
2666
2667
2668
2669
2671
2672
2673
2674
2675
2676
2677
2678
2679
2681
2682
2683
2684
2685
2686
2687
2688
2689
2691
2692
2693
2694
2695
2696
2697
2698
2699
2711
2712
2713
2714
2715
2716
2717
2718
2719
2721
2722
2723
2724
2725
2726
2727
2728
2729
2731
2732
2733
2734
2735
2736
2737
2738
2739
2741
2742
2743
2744
2745
2746
2747
2748
2749
2751
2752
2753
2754
2755
2756
2757
2758
2759
2761
2762
2763
2764
2765
2766
2767
2768
2769
2771
2772
2773
2774
2775
2776
2777
2778
2779
2781
2782
2783
2784
2785
2786
2787
2788
2789
2791
2792
2793
2794
2795
2796
2797
2798
2799
2811
2812
2813
2814
2815
2816
2817
2818
2819
2821
2822
2823
2824
2825
2826
2827
2828
2829
2831
2832
2833
2834
2835
2836
2837
2838
2839
2841
2842
2843
2844
2845
2846
2847
2848
2849
2851
2852
2853
2854
2855
2856
2857
2858
2859
2861
2862
2863
2864
2865
2866
2867
2868
2869
2871
2872
2873
2874
2875
2876
2877
2878
2879
2881
2882
2883
2884
2885
2886
2887
2888
2889
2891
2892
2893
2894
2895
2896
2897
2898
2899
2911
2912
2913
2914
2915
2916
2917
2918
2919
2921
2922
2923
2924
2925
2926
2927
2928
2929
2931
2932
2933
2934
2935
2936
2937
2938
2939
2941
2942
2943
2944
2945
2946
2947
2948
2949
2951
2952
2953
2954
2955
2956
2957
2958
2959
2961
2962
2963
2964
2965
2966
2967
2968
2969
2971
2972
2973
2974
2975
2976
2977
2978
2979
2981
2982
2983
2984
2985
2986
2987
2988
2989
2991
2992
2993
2994
2995
2996
2997
2998
2999
3111
3112
3113
3114
3115
3116
3117
3118
3119
3121
3122
3123
3124
3125
3126
3127
3128
3129
3131
3132
3133
3134
3135
3136
3137
3138
3139
3141
3142
3143
3144
3145
3146
3147
3148
3149
3151
3152
3153
3154
3155
3156
3157
3158
3159
3161
3162
3163
3164
3165
3166
3167
3168
3169
3171
3172
3173
3174
3175
3176
3177
3178
3179
3181
3182
3183
3184
3185
3186
3187
3188
3189
3191
3192
3193
3194
3195
3196
3197
3198
3199
3211
3212
3213
3214
3215
3216
3217
3218
3219
3221
3222
3223
3224
3225
3226
3227
3228
3229
3231
3232
3233
3234
3235
3236
3237
3238
3239
3241
3242
3243
3244
3245
3246
3247
3248
3249
3251
3252
3253
3254
3255
3256
3257
3258
3259
3261
3262
3263
3264
3265
3266
3267
3268
3269
3271
3272
3273
3274
3275
3276
3277
3278
3279
3281
3282
3283
3284
3285
3286
3287
3288
3289
3291
3292
3293
3294
3295
3296
3297
3298
3299
3311
3312
3313
3314
3315
3316
3317
3318
3319
3321
3322
3323
3324
3325
3326
3327
3328
3329
3331
3332
3333
3334
3335
3336
3337
3338
3339
3341
3342
3343
3344
3345
3346
3347
3348
3349
3351
3352
3353
3354
3355
3356
3357
3358
3359
3361
3362
3363
3364
3365
3366
3367
3368
3369
3371
3372
3373
3374
3375
3376
3377
3378
3379
3381
3382
3383
3384
3385
3386
3387
3388
3389
3391
3392
3393
3394
3395
3396
3397
3398
3399
3411
3412
3413
3414
3415
3416
3417
3418
3419
3421
3422
3423
3424
3425
3426
3427
3428
3429
3431
3432
3433
3434
3435
3436
3437
3438
3439
3441
3442
3443
3444
3445
3446
3447
3448
3449
3451
3452
3453
3454
3455
3456
3457
3458
3459
3461
3462
3463
3464
3465
3466
3467
3468
3469
3471
3472
3473
3474
3475
3476
3477
3478
3479
3481
3482
3483
3484
3485
3486
3487
3488
3489
3491
3492
3493
3494
3495
3496
3497
3498
3499
3511
3512
3513
3514
3515
3516
3517
3518
3519
3521
3522
3523
3524
3525
3526
3527
3528
3529
3531
3532
3533
3534
3535
3536
3537
3538
3539
3541
3542
3543
3544
3545
3546
3547
3548
3549
3551
3552
3553
3554
3555
3556
3557
3558
3559
3561
3562
3563
3564
3565
3566
3567
3568
3569
3571
3572
3573
3574
3575
3576
3577
3578
3579
3581
3582
3583
3584
3585
3586
3587
3588
3589
3591
3592
3593
3594
3595
3596
3597
3598
3599
3611
3612
3613
3614
3615
3616
3617
3618
3619
3621
3622
3623
3624
3625
3626
3627
3628
3629
3631
3632
3633
3634
3635
3636
3637
3638
3639
3641
3642
3643
3644
3645
3646
3647
3648
3649
3651
3652
3653
3654
3655
3656
3657
3658
3659
3661
3662
3663
3664
3665
3666
3667
3668
3669
3671
3672
3673
3674
3675
3676
3677
3678
3679
3681
3682
3683
3684
3685
3686
3687
3688
3689
3691
3692
3693
3694
3695
3696
3697
3698
3699
3711
3712
3713
3714
3715
3716
3717
3718
3719
3721
3722
3723
3724
3725
3726
3727
3728
3729
3731
3732
3733
3734
3735
3736
3737
3738
3739
3741
3742
3743
3744
3745
3746
3747
3748
3749
3751
3752
3753
3754
3755
3756
3757
3758
3759
3761
3762
3763
3764
3765
3766
3767
3768
3769
3771
3772
3773
3774
3775
3776
3777
3778
3779
3781
3782
3783
3784
3785
3786
3787
3788
3789
3791
3792
3793
3794
3795
3796
3797
3798
3799
3811
3812
3813
3814
3815
3816
3817
3818
3819
3821
3822
3823
3824
3825
3826
3827
3828
3829
3831
3832
3833
3834
3835
3836
3837
3838
3839
3841
3842
3843
3844
3845
3846
3847
3848
3849
3851
3852
3853
3854
3855
3856
3857
3858
3859
3861
3862
3863
3864
3865
3866
3867
3868
3869
3871
3872
3873
3874
3875
3876
3877
3878
3879
3881
3882
3883
3884
3885
3886
3887
3888
3889
3891
3892
3893
3894
3895
3896
3897
3898
3899
3911
3912
3913
3914
3915
3916
3917
3918
3919
3921
3922
3923
3924
3925
3926
3927
3928
3929
3931
3932
3933
3934
3935
3936
3937
3938
3939
3941
3942
3943
3944
3945
3946
3947
3948
3949
3951
3952
3953
3954
3955
3956
3957
3958
3959
3961
3962
3963
3964
3965
3966
3967
3968
3969
3971
3972
3973
3974
3975
3976
3977
3978
3979
3981
3982
3983
3984
3985
3986
3987
3988
3989
3991
3992
3993
3994
3995
3996
3997
3998
3999
4111
4112
4113
4114
4115
4116
4117
4118
4119
4121
4122
4123
4124
4125
4126
4127
4128
4129
4131
4132
4133
4134
4135
4136
4137
4138
4139
4141
4142
4143
4144
4145
4146
4147
4148
4149
4151
4152
4153
4154
4155
4156
4157
4158
4159
4161
4162
4163
4164
4165
4166
4167
4168
4169
4171
4172
4173
4174
4175
4176
4177
4178
4179
4181
4182
4183
4184
4185
4186
4187
4188
4189
4191
4192
4193
4194
4195
4196
4197
4198
4199
4211
4212
4213
4214
4215
4216
4217
4218
4219
4221
4222
4223
4224
4225
4226
4227
4228
4229
4231
4232
4233
4234
4235
4236
4237
4238
4239
4241
4242
4243
4244
4245
4246
4247
4248
4249
4251
4252
4253
4254
4255
4256
4257
4258
4259
4261
4262
4263
4264
4265
4266
4267
4268
4269
4271
4272
4273
4274
4275
4276
4277
4278
4279
4281
4282
4283
4284
4285
4286
4287
4288
4289
4291
4292
4293
4294
4295
4296
4297
4298
4299
4311
4312
4313
4314
4315
4316
4317
4318
4319
4321
4322
4323
4324
4325
4326
4327
4328
4329
4331
4332
4333
4334
4335
4336
4337
4338
4339
4341
4342
4343
4344
4345
4346
4347
4348
4349
4351
4352
4353
4354
4355
4356
4357
4358
4359
4361
4362
4363
4364
4365
4366
4367
4368
4369
4371
4372
4373
4374
4375
4376
4377
4378
4379
4381
4382
4383
4384
4385
4386
4387
4388
4389
4391
4392
4393
4394
4395
4396
4397
4398
4399
4411
4412
4413
4414
4415
4416
4417
4418
4419
4421
4422
4423
4424
4425
4426
4427
4428
4429
4431
4432
4433
4434
4435
4436
4437
4438
4439
4441
4442
4443
4444
4445
4446
4447
4448
4449
4451
4452
4453
4454
4455
4456
4457
4458
4459
4461
4462
4463
4464
4465
4466
4467
4468
4469
4471
4472
4473
4474
4475
4476
4477
4478
4479
4481
4482
4483
4484
4485
4486
4487
4488
4489
4491
4492
4493
4494
4495
4496
4497
4498
4499
4511
4512
4513
4514
4515
4516
4517
4518
4519
4521
4522
4523
4524
4525
4526
4527
4528
4529
4531
4532
4533
4534
4535
4536
4537
4538
4539
4541
4542
4543
4544
4545
4546
4547
4548
4549
4551
4552
4553
4554
4555
4556
4557
4558
4559
4561
4562
4563
4564
4565
4566
4567
4568
4569
4571
4572
4573
4574
4575
4576
4577
4578
4579
4581
4582
4583
4584
4585
4586
4587
4588
4589
4591
4592
4593
4594
4595
4596
4597
4598
4599
4611
4612
4613
4614
4615
4616
4617
4618
4619
4621
4622
4623
4624
4625
4626
4627
4628
4629
4631
4632
4633
4634
4635
4636
4637
4638
4639
4641
4642
4643
4644
4645
4646
4647
4648
4649
4651
4652
4653
4654
4655
4656
4657
4658
4659
4661
4662
4663
4664
4665
4666
4667
4668
4669
4671
4672
4673
4674
4675
4676
4677
4678
4679
4681
4682
4683
4684
4685
4686
4687
4688
4689
4691
4692
4693
4694
4695
4696
4697
4698
4699
4711
4712
4713
4714
4715
4716
4717
4718
4719
4721
4722
4723
4724
4725
4726
4727
4728
4729
4731
4732
4733
4734
4735
4736
4737
4738
4739
4741
4742
4743
4744
4745
4746
4747
4748
4749
4751
4752
4753
4754
4755
4756
4757
4758
4759
4761
4762
4763
4764
4765
4766
4767
4768
4769
4771
4772
4773
4774
4775
4776
4777
4778
4779
4781
4782
4783
4784
4785
4786
4787
4788
4789
4791
4792
4793
4794
4795
4796
4797
4798
4799
4811
4812
4813
4814
4815
4816
4817
4818
4819
4821
4822
4823
4824
4825
4826
4827
4828
4829
4831
4832
4833
4834
4835
4836
4837
4838
4839
4841
4842
4843
4844
4845
4846
4847
4848
4849
4851
4852
4853
4854
4855
4856
4857
4858
4859
4861
4862
4863
4864
4865
4866
4867
4868
4869
4871
4872
4873
4874
4875
4876
4877
4878
4879
4881
4882
4883
4884
4885
4886
4887
4888
4889
4891
4892
4893
4894
4895
4896
4897
4898
4899
4911
4912
4913
4914
4915
4916
4917
4918
4919
4921
4922
4923
4924
4925
4926
4927
4928
4929
4931
4932
4933
4934
4935
4936
4937
4938
4939
4941
4942
4943
4944
4945
4946
4947
4948
4949
4951
4952
4953
4954
4955
4956
4957
4958
4959
4961
4962
4963
4964
4965
4966
4967
4968
4969
4971
4972
4973
4974
4975
4976
4977
4978
4979
4981
4982
4983
4984
4985
4986
4987
4988
4989
4991
4992
4993
4994
4995
4996
4997
4998
4999
5111
5112
5113
5114
5115
5116
5117
5118
5119
5121
5122
5123
5124
5125
5126
5127
5128
5129
5131
5132
5133
5134
5135
5136
5137
5138
5139
5141
5142
5143
5144
5145
5146
5147
5148
5149
5151
5152
5153
5154
5155
5156
5157
5158
5159
5161
5162
5163
5164
5165
5166
5167
5168
5169
5171
5172
5173
5174
5175
5176
5177
5178
5179
5181
5182
5183
5184
5185
5186
5187
5188
5189
5191
5192
5193
5194
5195
5196
5197
5198
5199
5211
5212
5213
5214
5215
5216
5217
5218
5219
5221
5222
5223
5224
5225
5226
5227
5228
5229
5231
5232
5233
5234
5235
5236
5237
5238
5239
5241
5242
5243
5244
5245
5246
5247
5248
5249
5251
5252
5253
5254
5255
5256
5257
5258
5259
5261
5262
5263
5264
5265
5266
5267
5268
5269
5271
5272
5273
5274
5275
5276
5277
5278
5279
5281
5282
5283
5284
5285
5286
5287
5288
5289
5291
5292
5293
5294
5295
5296
5297
5298
5299
5311
5312
5313
5314
5315
5316
5317
5318
5319
5321
5322
5323
5324
5325
5326
5327
5328
5329
5331
5332
5333
5334
5335
5336
5337
5338
5339
5341
5342
5343
5344
5345
5346
5347
5348
5349
5351
5352
5353
5354
5355
5356
5357
5358
5359
5361
5362
5363
5364
5365
5366
5367
5368
5369
5371
5372
5373
5374
5375
5376
5377
5378
5379
5381
5382
5383
5384
5385
5386
5387
5388
5389
5391
5392
5393
5394
5395
5396
5397
5398
5399
5411
5412
5413
5414
5415
5416
5417
5418
5419
5421
5422
5423
5424
5425
5426
5427
5428
5429
5431
5432
5433
5434
5435
5436
5437
5438
5439
5441
5442
5443
5444
5445
5446
5447
5448
5449
5451
5452
5453
5454
5455
5456
5457
5458
5459
5461
5462
5463
5464
5465
5466
5467
5468
5469
5471
5472
5473
5474
5475
5476
5477
5478
5479
5481
5482
5483
5484
5485
5486
5487
5488
5489
5491
5492
5493
5494
5495
5496
5497
5498
5499
5511
5512
5513
5514
5515
5516
5517
5518
5519
5521
5522
5523
5524
5525
5526
5527
5528
5529
5531
5532
5533
5534
5535
5536
5537
5538
5539
5541
5542
5543
5544
5545
5546
5547
5548
5549
5551
5552
5553
5554
5555
5556
5557
5558
5559
5561
5562
5563
5564
5565
5566
5567
5568
5569
5571
5572
5573
5574
5575
5576
5577
5578
5579
5581
5582
5583
5584
5585
5586
5587
5588
5589
5591
5592
5593
5594
5595
5596
5597
5598
5599
5611
5612
5613
5614
5615
5616
5617
5618
5619
5621
5622
5623
5624
5625
5626
5627
5628
5629
5631
5632
5633
5634
5635
5636
5637
5638
5639
5641
5642
5643
5644
5645
5646
5647
5648
5649
5651
5652
5653
5654
5655
5656
5657
5658
5659
5661
5662
5663
5664
5665
5666
5667
5668
5669
5671
5672
5673
5674
5675
5676
5677
5678
5679
5681
5682
5683
5684
5685
5686
5687
5688
5689
5691
5692
5693
5694
5695
5696
5697
5698
5699
5711
5712
5713
5714
5715
5716
5717
5718
5719
5721
5722
5723
5724
5725
5726
5727
5728
5729
5731
5732
5733
5734
5735
5736
5737
5738
5739
5741
5742
5743
5744
5745
5746
5747
5748
5749
5751
5752
5753
5754
5755
5756
5757
5758
5759
5761
5762
5763
5764
5765
5766
5767
5768
5769
5771
5772
5773
5774
5775
5776
5777
5778
5779
5781
5782
5783
5784
5785
5786
5787
5788
5789
5791
5792
5793
5794
5795
5796
5797
5798
5799
5811
5812
5813
5814
5815
5816
5817
5818
5819
5821
5822
5823
5824
5825
5826
5827
5828
5829
5831
5832
5833
5834
5835
5836
5837
5838
5839
5841
5842
5843
5844
5845
5846
5847
5848
5849
5851
5852
5853
5854
5855
5856
5857
5858
5859
5861
5862
5863
5864
5865
5866
5867
5868
5869
5871
5872
5873
5874
5875
5876
5877
5878
5879
5881
5882
5883
5884
5885
5886
5887
5888
5889
5891
5892
5893
5894
5895
5896
5897
5898
5899
5911
5912
5913
5914
5915
5916
5917
5918
5919
5921
5922
5923
5924
5925
5926
5927
5928
5929
5931
5932
5933
5934
5935
5936
5937
5938
5939
5941
5942
5943
5944
5945
5946
5947
5948
5949
5951
5952
5953
5954
5955
5956
5957
5958
5959
5961
5962
5963
5964
5965
5966
5967
5968
5969
5971
5972
5973
5974
5975
5976
5977
5978
5979
5981
5982
5983
5984
5985
5986
5987
5988
5989
5991
5992
5993
5994
5995
5996
5997
5998
5999
6111
6112
6113
6114
6115
6116
6117
6118
6119
6121
6122
6123
6124
6125
6126
6127
6128
6129
6131
6132
6133
6134
6135
6136
6137
6138
6139
6141
6142
6143
6144
6145
6146
6147
6148
6149
6151
6152
6153
6154
6155
6156
6157
6158
6159
6161
6162
6163
6164
6165
6166
6167
6168
6169
6171
6172
6173
6174
6175
6176
6177
6178
6179
6181
6182
6183
6184
6185
6186
6187
6188
6189
6191
6192
6193
6194
6195
6196
6197
6198
6199
6211
6212
6213
6214
6215
6216
6217
6218
6219
6221
6222
6223
6224
6225
6226
6227
6228
6229
6231
6232
6233
6234
6235
6236
6237
6238
6239
6241
6242
6243
6244
6245
6246
6247
6248
6249
6251
6252
6253
6254
6255
6256
6257
6258
6259
6261
6262
6263
6264
6265
6266
6267
6268
6269
6271
6272
6273
6274
6275
6276
6277
6278
6279
6281
6282
6283
6284
6285
6286
6287
6288
6289
6291
6292
6293
6294
6295
6296
6297
6298
6299
6311
6312
6313
6314
6315
6316
6317
6318
6319
6321
6322
6323
6324
6325
6326
6327
6328
6329
6331
6332
6333
6334
6335
6336
6337
6338
6339
6341
6342
6343
6344
6345
6346
6347
6348
6349
6351
6352
6353
6354
6355
6356
6357
6358
6359
6361
6362
6363
6364
6365
6366
6367
6368
6369
6371
6372
6373
6374
6375
6376
6377
6378
6379
6381
6382
6383
6384
6385
6386
6387
6388
6389
6391
6392
6393
6394
6395
6396
6397
6398
6399
6411
6412
6413
6414
6415
6416
6417
6418
6419
6421
6422
6423
6424
6425
6426
6427
6428
6429
6431
6432
6433
6434
6435
6436
6437
6438
6439
6441
6442
6443
6444
6445
6446
6447
6448
6449
6451
6452
6453
6454
6455
6456
6457
6458
6459
6461
6462
6463
6464
6465
6466
6467
6468
6469
6471
6472
6473
6474
6475
6476
6477
6478
6479
6481
6482
6483
6484
6485
6486
6487
6488
6489
6491
6492
6493
6494
6495
6496
6497
6498
6499
6511
6512
6513
6514
6515
6516
6517
6518
6519
6521
6522
6523
6524
6525
6526
6527
6528
6529
6531
6532
6533
6534
6535
6536
6537
6538
6539
6541
6542
6543
6544
6545
6546
6547
6548
6549
6551
6552
6553
6554
6555
6556
6557
6558
6559
6561
6562
6563
6564
6565
6566
6567
6568
6569
6571
6572
6573
6574
6575
6576
6577
6578
6579
6581
6582
6583
6584
6585
6586
6587
6588
6589
6591
6592
6593
6594
6595
6596
6597
6598
6599
6611
6612
6613
6614
6615
6616
6617
6618
6619
6621
6622
6623
6624
6625
6626
6627
6628
6629
6631
6632
6633
6634
6635
6636
6637
6638
6639
6641
6642
6643
6644
6645
6646
6647
6648
6649
6651
6652
6653
6654
6655
6656
6657
6658
6659
6661
6662
6663
6664
6665
6666
6667
6668
6669
6671
6672
6673
6674
6675
6676
6677
6678
6679
6681
6682
6683
6684
6685
6686
6687
6688
6689
6691
6692
6693
6694
6695
6696
6697
6698
6699
6711
6712
6713
6714
6715
6716
6717
6718
6719
6721
6722
6723
6724
6725
6726
6727
6728
6729
6731
6732
6733
6734
6735
6736
6737
6738
6739
6741
6742
6743
6744
6745
6746
6747
6748
6749
6751
6752
6753
6754
6755
6756
6757
6758
6759
6761
6762
6763
6764
6765
6766
6767
6768
6769
6771
6772
6773
6774
6775
6776
6777
6778
6779
6781
6782
6783
6784
6785
6786
6787
6788
6789
6791
6792
6793
6794
6795
6796
6797
6798
6799
6811
6812
6813
6814
6815
6816
6817
6818
6819
6821
6822
6823
6824
6825
6826
6827
6828
6829
6831
6832
6833
6834
6835
6836
6837
6838
6839
6841
6842
6843
6844
6845
6846
6847
6848
6849
6851
6852
6853
6854
6855
6856
6857
6858
6859
6861
6862
6863
6864
6865
6866
6867
6868
6869
6871
6872
6873
6874
6875
6876
6877
6878
6879
6881
6882
6883
6884
6885
6886
6887
6888
6889
6891
6892
6893
6894
6895
6896
6897
6898
6899
6911
6912
6913
6914
6915
6916
6917
6918
6919
6921
6922
6923
6924
6925
6926
6927
6928
6929
6931
6932
6933
6934
6935
6936
6937
6938
6939
6941
6942
6943
6944
6945
6946
6947
6948
6949
6951
6952
6953
6954
6955
6956
6957
6958
6959
6961
6962
6963
6964
6965
6966
6967
6968
6969
6971
6972
6973
6974
6975
6976
6977
6978
6979
6981
6982
6983
6984
6985
6986
6987
6988
6989
6991
6992
6993
6994
6995
6996
6997
6998
6999
7111
7112
7113
7114
7115
7116
7117
7118
7119
7121
7122
7123
7124
7125
7126
7127
7128
7129
7131
7132
7133
7134
7135
7136
7137
7138
7139
7141
7142
7143
7144
7145
7146
7147
7148
7149
7151
7152
7153
7154
7155
7156
7157
7158
7159
7161
7162
7163
7164
7165
7166
7167
7168
7169
7171
7172
7173
7174
7175
7176
7177
7178
7179
7181
7182
7183
7184
7185
7186
7187
7188
7189
7191
7192
7193
7194
7195
7196
7197
7198
7199
7211
7212
7213
7214
7215
7216
7217
7218
7219
7221
7222
7223
7224
7225
7226
7227
7228
7229
7231
7232
7233
7234
7235
7236
7237
7238
7239
7241
7242
7243
7244
7245
7246
7247
7248
7249
7251
7252
7253
7254
7255
7256
7257
7258
7259
7261
7262
7263
7264
7265
7266
7267
7268
7269
7271
7272
7273
7274
7275
7276
7277
7278
7279
7281
7282
7283
7284
7285
7286
7287
7288
7289
7291
7292
7293
7294
7295
7296
7297
7298
7299
7311
7312
7313
7314
7315
7316
7317
7318
7319
7321
7322
7323
7324
7325
7326
7327
7328
7329
7331
7332
7333
7334
7335
7336
7337
7338
7339
7341
7342
7343
7344
7345
7346
7347
7348
7349
7351
7352
7353
7354
7355
7356
7357
7358
7359
7361
7362
7363
7364
7365
7366
7367
7368
7369
7371
7372
7373
7374
7375
7376
7377
7378
7379
7381
7382
7383
7384
7385
7386
7387
7388
7389
7391
7392
7393
7394
7395
7396
7397
7398
7399
7411
7412
7413
7414
7415
7416
7417
7418
7419
7421
7422
7423
7424
7425
7426
7427
7428
7429
7431
7432
7433
7434
7435
7436
7437
7438
7439
7441
7442
7443
7444
7445
7446
7447
7448
7449
7451
7452
7453
7454
7455
7456
7457
7458
7459
7461
7462
7463
7464
7465
7466
7467
7468
7469
7471
7472
7473
7474
7475
7476
7477
7478
7479
7481
7482
7483
7484
7485
7486
7487
7488
7489
7491
7492
7493
7494
7495
7496
7497
7498
7499
7511
7512
7513
7514
7515
7516
7517
7518
7519
7521
7522
7523
7524
7525
7526
7527
7528
7529
7531
7532
7533
7534
7535
7536
7537
7538
7539
7541
7542
7543
7544
7545
7546
7547
7548
7549
7551
7552
7553
7554
7555
7556
7557
7558
7559
7561
7562
7563
7564
7565
7566
7567
7568
7569
7571
7572
7573
7574
7575
7576
7577
7578
7579
7581
7582
7583
7584
7585
7586
7587
7588
7589
7591
7592
7593
7594
7595
7596
7597
7598
7599
7611
7612
7613
7614
7615
7616
7617
7618
7619
7621
7622
7623
7624
7625
7626
7627
7628
7629
7631
7632
7633
7634
7635
7636
7637
7638
7639
7641
7642
7643
7644
7645
7646
7647
7648
7649
7651
7652
7653
7654
7655
7656
7657
7658
7659
7661
7662
7663
7664
7665
7666
7667
7668
7669
7671
7672
7673
7674
7675
7676
7677
7678
7679
7681
7682
7683
7684
7685
7686
7687
7688
7689
7691
7692
7693
7694
7695
7696
7697
7698
7699
7711
7712
7713
7714
7715
7716
7717
7718
7719
7721
7722
7723
7724
7725
7726
7727
7728
7729
7731
7732
7733
7734
7735
7736
7737
7738
7739
7741
7742
7743
7744
7745
7746
7747
7748
7749
7751
7752
7753
7754
7755
7756
7757
7758
7759
7761
7762
7763
7764
7765
7766
7767
7768
7769
7771
7772
7773
7774
7775
7776
7777
7778
7779
7781
7782
7783
7784
7785
7786
7787
7788
7789
7791
7792
7793
7794
7795
7796
7797
7798
7799
7811
7812
7813
7814
7815
7816
7817
7818
7819
7821
7822
7823
7824
7825
7826
7827
7828
7829
7831
7832
7833
7834
7835
7836
7837
7838
7839
7841
7842
7843
7844
7845
7846
7847
7848
7849
7851
7852
7853
7854
7855
7856
7857
7858
7859
7861
7862
7863
7864
7865
7866
7867
7868
7869
7871
7872
7873
7874
7875
7876
7877
7878
7879
7881
7882
7883
7884
7885
7886
7887
7888
7889
7891
7892
7893
7894
7895
7896
7897
7898
7899
7911
7912
7913
7914
7915
7916
7917
7918
7919
7921
7922
7923
7924
7925
7926
7927
7928
7929
7931
7932
7933
7934
7935
7936
7937
7938
7939
7941
7942
7943
7944
7945
7946
7947
7948
7949
7951
7952
7953
7954
7955
7956
7957
7958
7959
7961
7962
7963
7964
7965
7966
7967
7968
7969
7971
7972
7973
7974
7975
7976
7977
7978
7979
7981
7982
7983
7984
7985
7986
7987
7988
7989
7991
7992
7993
7994
7995
7996
7997
7998
7999
8111
8112
8113
8114
8115
8116
8117
8118
8119
8121
8122
8123
8124
8125
8126
8127
8128
8129
8131
8132
8133
8134
8135
8136
8137
8138
8139
8141
8142
8143
8144
8145
8146
8147
8148
8149
8151
8152
8153
8154
8155
8156
8157
8158
8159
8161
8162
8163
8164
8165
8166
8167
8168
8169
8171
8172
8173
8174
8175
8176
8177
8178
8179
8181
8182
8183
8184
8185
8186
8187
8188
8189
8191
8192
8193
8194
8195
8196
8197
8198
8199
8211
8212
8213
8214
8215
8216
8217
8218
8219
8221
8222
8223
8224
8225
8226
8227
8228
8229
8231
8232
8233
8234
8235
8236
8237
8238
8239
8241
8242
8243
8244
8245
8246
8247
8248
8249
8251
8252
8253
8254
8255
8256
8257
8258
8259
8261
8262
8263
8264
8265
8266
8267
8268
8269
8271
8272
8273
8274
8275
8276
8277
8278
8279
8281
8282
8283
8284
8285
8286
8287
8288
8289
8291
8292
8293
8294
8295
8296
8297
8298
8299
8311
8312
8313
8314
8315
8316
8317
8318
8319
8321
8322
8323
8324
8325
8326
8327
8328
8329
8331
8332
8333
8334
8335
8336
8337
8338
8339
8341
8342
8343
8344
8345
8346
8347
8348
8349
8351
8352
8353
8354
8355
8356
8357
8358
8359
8361
8362
8363
8364
8365
8366
8367
8368
8369
8371
8372
8373
8374
8375
8376
8377
8378
8379
8381
8382
8383
8384
8385
8386
8387
8388
8389
8391
8392
8393
8394
8395
8396
8397
8398
8399
8411
8412
8413
8414
8415
8416
8417
8418
8419
8421
8422
8423
8424
8425
8426
8427
8428
8429
8431
8432
8433
8434
8435
8436
8437
8438
8439
8441
8442
8443
8444
8445
8446
8447
8448
8449
8451
8452
8453
8454
8455
8456
8457
8458
8459
8461
8462
8463
8464
8465
8466
8467
8468
8469
8471
8472
8473
8474
8475
8476
8477
8478
8479
8481
8482
8483
8484
8485
8486
8487
8488
8489
8491
8492
8493
8494
8495
8496
8497
8498
8499
8511
8512
8513
8514
8515
8516
8517
8518
8519
8521
8522
8523
8524
8525
8526
8527
8528
8529
8531
8532
8533
8534
8535
8536
8537
8538
8539
8541
8542
8543
8544
8545
8546
8547
8548
8549
8551
8552
8553
8554
8555
8556
8557
8558
8559
8561
8562
8563
8564
8565
8566
8567
8568
8569
8571
8572
8573
8574
8575
8576
8577
8578
8579
8581
8582
8583
8584
8585
8586
8587
8588
8589
8591
8592
8593
8594
8595
8596
8597
8598
8599
8611
8612
8613
8614
8615
8616
8617
8618
8619
8621
8622
8623
8624
8625
8626
8627
8628
8629
8631
8632
8633
8634
8635
8636
8637
8638
8639
8641
8642
8643
8644
8645
8646
8647
8648
8649
8651
8652
8653
8654
8655
8656
8657
8658
8659
8661
8662
8663
8664
8665
8666
8667
8668
8669
8671
8672
8673
8674
8675
8676
8677
8678
8679
8681
8682
8683
8684
8685
8686
8687
8688
8689
8691
8692
8693
8694
8695
8696
8697
8698
8699
8711
8712
8713
8714
8715
8716
8717
8718
8719
8721
8722
8723
8724
8725
8726
8727
8728
8729
8731
8732
8733
8734
8735
8736
8737
8738
8739
8741
8742
8743
8744
8745
8746
8747
8748
8749
8751
8752
8753
8754
8755
8756
8757
8758
8759
8761
8762
8763
8764
8765
8766
8767
8768
8769
8771
8772
8773
8774
8775
8776
8777
8778
8779
8781
8782
8783
8784
8785
8786
8787
8788
8789
8791
8792
8793
8794
8795
8796
8797
8798
8799
8811
8812
8813
8814
8815
8816
8817
8818
8819
8821
8822
8823
8824
8825
8826
8827
8828
8829
8831
8832
8833
8834
8835
8836
8837
8838
8839
8841
8842
8843
8844
8845
8846
8847
8848
8849
8851
8852
8853
8854
8855
8856
8857
8858
8859
8861
8862
8863
8864
8865
8866
8867
8868
8869
8871
8872
8873
8874
8875
8876
8877
8878
8879
8881
8882
8883
8884
8885
8886
8887
8888
8889
8891
8892
8893
8894
8895
8896
8897
8898
8899
8911
8912
8913
8914
8915
8916
8917
8918
8919
8921
8922
8923
8924
8925
8926
8927
8928
8929
8931
8932
8933
8934
8935
8936
8937
8938
8939
8941
8942
8943
8944
8945
8946
8947
8948
8949
8951
8952
8953
8954
8955
8956
8957
8958
8959
8961
8962
8963
8964
8965
8966
8967
8968
8969
8971
8972
8973
8974
8975
8976
8977
8978
8979
8981
8982
8983
8984
8985
8986
8987
8988
8989
8991
8992
8993
8994
8995
8996
8997
8998
8999
9111
9112
9113
9114
9115
9116
9117
9118
9119
9121
9122
9123
9124
9125
9126
9127
9128
9129
9131
9132
9133
9134
9135
9136
9137
9138
9139
9141
9142
9143
9144
9145
9146
9147
9148
9149
9151
9152
9153
9154
9155
9156
9157
9158
9159
9161
9162
9163
9164
9165
9166
9167
9168
9169
9171
9172
9173
9174
9175
9176
9177
9178
9179
9181
9182
9183
9184
9185
9186
9187
9188
9189
9191
9192
9193
9194
9195
9196
9197
9198
9199
9211
9212
9213
9214
9215
9216
9217
9218
9219
9221
9222
9223
9224
9225
9226
9227
9228
9229
9231
9232
9233
9234
9235
9236
9237
9238
9239
9241
9242
9243
9244
9245
9246
9247
9248
9249
9251
9252
9253
9254
9255
9256
9257
9258
9259
9261
9262
9263
9264
9265
9266
9267
9268
9269
9271
9272
9273
9274
9275
9276
9277
9278
9279
9281
9282
9283
9284
9285
9286
9287
9288
9289
9291
9292
9293
9294
9295
9296
9297
9298
9299
9311
9312
9313
9314
9315
9316
9317
9318
9319
9321
9322
9323
9324
9325
9326
9327
9328
9329
9331
9332
9333
9334
9335
9336
9337
9338
9339
9341
9342
9343
9344
9345
9346
9347
9348
9349
9351
9352
9353
9354
9355
9356
9357
9358
9359
9361
9362
9363
9364
9365
9366
9367
9368
9369
9371
9372
9373
9374
9375
9376
9377
9378
9379
9381
9382
9383
9384
9385
9386
9387
9388
9389
9391
9392
9393
9394
9395
9396
9397
9398
9399
9411
9412
9413
9414
9415
9416
9417
9418
9419
9421
9422
9423
9424
9425
9426
9427
9428
9429
9431
9432
9433
9434
9435
9436
9437
9438
9439
9441
9442
9443
9444
9445
9446
9447
9448
9449
9451
9452
9453
9454
9455
9456
9457
9458
9459
9461
9462
9463
9464
9465
9466
9467
9468
9469
9471
9472
9473
9474
9475
9476
9477
9478
9479
9481
9482
9483
9484
9485
9486
9487
9488
9489
9491
9492
9493
9494
9495
9496
9497
9498
9499
9511
9512
9513
9514
9515
9516
9517
9518
9519
9521
9522
9523
9524
9525
9526
9527
9528
9529
9531
9532
9533
9534
9535
9536
9537
9538
9539
9541
9542
9543
9544
9545
9546
9547
9548
9549
9551
9552
9553
9554
9555
9556
9557
9558
9559
9561
9562
9563
9564
9565
9566
9567
9568
9569
9571
9572
9573
9574
9575
9576
9577
9578
9579
9581
9582
9583
9584
9585
9586
9587
9588
9589
9591
9592
9593
9594
9595
9596
9597
9598
9599
9611
9612
9613
9614
9615
9616
9617
9618
9619
9621
9622
9623
9624
9625
9626
9627
9628
9629
9631
9632
9633
9634
9635
9636
9637
9638
9639
9641
9642
9643
9644
9645
9646
9647
9648
9649
9651
9652
9653
9654
9655
9656
9657
9658
9659
9661
9662
9663
9664
9665
9666
9667
9668
9669
9671
9672
9673
9674
9675
9676
9677
9678
9679
9681
9682
9683
9684
9685
9686
9687
9688
9689
9691
9692
9693
9694
9695
9696
9697
9698
9699
9711
9712
9713
9714
9715
9716
9717
9718
9719
9721
9722
9723
9724
9725
9726
9727
9728
9729
9731
9732
9733
9734
9735
9736
9737
9738
9739
9741
9742
9743
9744
9745
9746
9747
9748
9749
9751
9752
9753
9754
9755
9756
9757
9758
9759
9761
9762
9763
9764
9765
9766
9767
9768
9769
9771
9772
9773
9774
9775
9776
9777
9778
9779
9781
9782
9783
9784
9785
9786
9787
9788
9789
9791
9792
9793
9794
9795
9796
9797
9798
9799
9811
9812
9813
9814
9815
9816
9817
9818
9819
9821
9822
9823
9824
9825
9826
9827
9828
9829
9831
9832
9833
9834
9835
9836
9837
9838
9839
9841
9842
9843
9844
9845
9846
9847
9848
9849
9851
9852
9853
9854
9855
9856
9857
9858
9859
9861
9862
9863
9864
9865
9866
9867
9868
9869
9871
9872
9873
9874
9875
9876
9877
9878
9879
9881
9882
9883
9884
9885
9886
9887
9888
9889
9891
9892
9893
9894
9895
9896
9897
9898
9899
9911
9912
9913
9914
9915
9916
9917
9918
9919
9921
9922
9923
9924
9925
9926
9927
9928
9929
9931
9932
9933
9934
9935
9936
9937
9938
9939
9941
9942
9943
9944
9945
9946
9947
9948
9949
9951
9952
9953
9954
9955
9956
9957
9958
9959
9961
9962
9963
9964
9965
9966
9967
9968
9969
9971
9972
9973
9974
9975
9976
9977
9978
9979
9981
9982
9983
9984
9985
9986
9987
9988
9989
9991
9992
9993
9994
9995
9996
9997
9998
9999
0000
1000
1100
1110
1111
52314
43754
56835
43718
58542
56865
45285
45825
85482
52845
85423
85428
25483
54285
54856
89563
85673
45675
62374
64309
7624
13627
75757
86569
12121
13131
24242
54545
64646
75757
87678
32535
1234
1111
0000
1212
7777
1004
2000
4444
2222
6969
9999
3333
5555
6666
1122
1313
8888
4321
2001
1010
1234
0000
2580
1111
5555
5683
0852
2222
1212
1998
123456
654321
111111
000000
123123
666666
121212
112233
789456
159753
123456
123456
102030
102034
123123
654321
101010
159753
123321
3141592
1234567
12345678
123456789
1234567890
1111111111
0101010101
1110001110
1214452351
4364264377
4362367347
5375487458
3463474575
5475247556
5467547452
4575247548
5854256399
8452897740
5482521368
8542523647
8548542854
1948893478
1782655689
6595956397
6134437138
5485696794
5685639976
0980687567
1234561234
1234512345
1231231231
0000000000
7777777777
000000
000001
000002
000003
000004
000005
000006
000007
000008
000009
000010
000011
000012
000013
000014
000015
000016
000017
000018
000019
000020
000021
000022
000023
000024
000025
000026
000027
000028
000029
000030
000031
000032
000033
000034
000035
000036
000037
000038
000039
000040
000041
000042
000043
000044
000045
000046
000047
000048
000049
000050
000051
000052
000053
000054
000055
000056
000057
000058
000059
000060
000061
000062
000063
000064
000065
000066
000067
000068
000069
000070
000071
000072
000073
000074
000075
000076
000077
000078
000079
000160
000161
000162
000163
000164
000165
000166
000167
000168
000169
000170
000171
000172
000173
000174
000175
000176
000177
000178
000179
000180
000181
000182
000183
000184
000185
000186
000187
000188
000189
000190
000191
000192
000193
000194
000195
000196
000197
000197594
000198
000199
0001vgejdn1a5xqz
000200
000201
000202
000203
000204
0002044037
000205
000206
000207
000207787359
000208
000209
000210
000211
000212
000213
000214
000215
000216
000217
000218
000219
000220
000221
000222
000223
000224
000225
000226
000227
000228
000229
000230
000231
000232
000233
000234
000235
000236
000237
000238
000239
000240
000241
00024133
000242
000243
000244
000245
000246
000247
000248
000249
000250
000251
000252
000253
000254
000255
000256
000257
000258
000259
000260
000261
000262
000263
000264
000265
000266
000267
000268
000269
000270
000271
000272
000273
000274
000275
000275656498
000276
000277
000278
000279
000280
000281
000282
000283
000284
000285
000286
000287
000288
000289
000290
000291
000292
000293
000294
000295
000296
000297
000298
000299
000300
000301
000302
000303
000304
000305
000306
000307
000308
000309
000310
000311
000312
000313
000314
000315
000316
000317
000318
000319
000320
000321
000322
000323
00032331116583
000324
000325
000326
000327
000328
000329
0003291482
000330
000331
000332
000333
000334
000335
000336
000337
000338
000339
000340
000341
000342
000343
000344
0003440495055226
000344989121
000345
000346
000347
000348
000349
000350
000351
000352
000353
000354
000355
000356
000357
000358
000359
000360
000361
000362
000363
000364
000365
000365430500846
000366
000367
000368
000369
000370
000371
000372
000373
000374
000375
000376
000377
000378
000379
000380
000381
000382
000383
000384
000385
000386
000387
000388
000389
000390
000391
000392
000393
000394
000395
000396
000397
000398
000399
000400
000401
000402
000403
000404
000405
000406
000407
000408
000409
00040971990
000410
000411
000412
000413
000414
000415
000416
000417
000418
000419
000420
000421
000422
000423
000424
000425
000426
000427
000428
000429
000430
000431
000432
000433
000434
000435
000436
000437
000438
0004384
000439
000440
000441
000442
000443
000444
000445
000446
000447
000448
000449
000450
000451
000452
000453
000454
000455
000456
000457
000458
0004589747719028
000459
000460
000461
000462
000463
000464
000465
000466
000467
000468
000469
000470
000471
000472
000473
00047304926
000474
000475
000476
000476495609
000477
000478
000479
000480
000481
000482
000483
000484
000485
000486
000487
000488
000489
000490
000491
000491158
000492
000493
000494
0004942840
000495
000496
000497
000498
00049839782665
000499
000500
000501
000502
000503
000504
000505
000506
000507
000508
000509
000510
000511
000512
000513
00051391263
000514
000515
000516
000517
000518
000519
000520
000521
000522
000523
000524
000525
000526
000527
000528
000529
000530
000531
000532
000533
000534
000535
000536
000537
000538
000539
000540
000541
000542
000543
000544
000545
000546
000547
000548
000549
000550
000551
000552
000553
000554
000555
000556
000557
000558
00055879
000559
000560
000561
000562
000563
000564
000565
000566
000567
000568
000569
000570
000571
000572
000573
000574
000575
0005752234476
000576
000577
000578
000579
000580
000581
000582
000583
000584
000585
000586
000587
000588
000589
000590
000591
000592
000593
000594
000595
000596
000597
000598
000599
000600
000601
000602
000603
000604
000605
000606
000607
000608
000609
000610
000611
000612
000613
000614
000615
000616
000617
000618
000619
000620
000621
000622
000623
000624
000625
000626
000627
000628
000629
000630
000631
000632
000633
000634
000635
000636
000637
000638
000639
0006391
000640
000641
000642
000643
000644
000645
000646
000647
000648
00064808284
000649
000650
000651
000652
000653
000654
000655
000656
000657
000658
000659
000660
000661
000662
0006629713145
000663
000664
000665
000666
000667
000668
000669
000670
000671
0006714
000672
000673
000674
000675
000676
000677
000678
000679
000680
000681
000682
000683
000684
000685
000686
000687
000688
000689
000690
000691
000692
000693
000694
000695
000696
000697
000698
000699
000700
000701
000702
0007022977
000703
000704
000705
000706
000707
000708
000709
000710
0007103607
000711
000712
000713
000714
000715
000716
000717
000718
000719
000720
000721
000722
000723
000724
000725
000726
000727
000728
000729
000730
000731
000732
000733
000734
000735
000736
000737
000738
000739
000740
000741
000742
000743
000744
000745
00074550918
000746
000747
000748
000749
000750
000751
000752
000753
000754
000755
000756
000757
000758
000759
000760
000761
000762
000763
000763928
000764
000765
000766
000766086872
000767
000768
000769
0007692
000770
000771
000772
000773
000774
000775
000776
000777
000778
000779
000780
000781
000782
000783
000784
0007841176
000785
000786
000787
000788
000789
000790
000791
000792
0007922
000793
000794
000795
000796
000797
000798
000799
000800
000801
000802
000803
000804
000805
00080500865
000806
000807
000808
000809
000810
000811
000812
000813
000814
000815
000816
000817
000818
000819
000820
000821
000822
000823
000824
000825
000826
000827
000828
000829
000830
000831
000832
000833
000834
000835
000836
000836226318966
000837
000838
000839
000840
000841
000842
0008425
000843
000844
000845
000846
000847
000848
000849
000850
000851
000852
000853
000854
000855
000856
000856611881437
000857
000858
000859
000860
000861
000862
000863
000864
000865
000866
000867
000868
000869
00086929068648
000870
000871
000872
000873
000874
000875
000876
000877
000878
000879
000880
000881
000882
000883
000884
000885
000886
000887
000888
000888286632287
000889
000890
000891
000892
000893
000894
000895
000896
000897
000898
00089842727
000899
000900
000901
0009018
000902
000903
000904
000905
000906
000907
000907107
000908
0009085473100
000909
000910
000911
00091169327179
000912
000913
000914
000915
000916
000917
000918
000919
000920
000921
000922
000923
000924
000925
000926
000927
000928
000929
000930
000931
000932
000933
00093398
000934
000935
000936
000937
000938
000939
000940
000941
000942
000943
000944
000944339
000945
000946
000947
000948
000949
000950
000951
000952
000953
000954
000955
000956
000957
000958
000959
000960
000961
000962
000963
000964
000965
000966
000967
000968
000969
000970
000971
000972
000973
000974
000975
000976
000977
000978
0009782
000979
000980
000981
000982
000983
000984
000985
000986
000987
000988
000989
000990
000991
000992
000993
000994
000995
000996
000997
000998
000999
000cilop3dlzq
000fixbs980bnc8
000hg9k2o4
000kr0
000xzmobpvmvu9
001000
001001
001002
001003
001004
001005
001006
001007
001008
001009
001010
001011
001012
001013
001014
001015
0010151639854277
001016
001017
00101770
001018
001019
001020
001021
001022
001023
001024
001025
001026
001027
001028
001029
0010293
001029543567940
001030
001031
001032
001033
001034
001035
001036
001037
001038
001039
001039568827
001040
001041
001042
001043
001044
001045
001046
001047
001048
001049
001050
001051
001052
001053
001054
001055
001056
001057
001058
001059
001060
001061
001062
001063
001064
001065
00106554273
001066
001067
001068
001069
001070
001071
001072
001073
001074
001075
001076
001077
001078
001079
001080
001081
001082
001083
001084
001085
001086
001087
001088
001089
001090
001091
001092
001093
001094
001095
001096
001097
001098
001099
001100
001101
001102
001103
001104
001105
001106
001107
001108
001109
001110
001111
001112
001113
001114
001115
001116
001117
001118
001119
001120
001121
001122
00112233445566778899
001123
001124
001125
001126
001127
001128
001129
001130
001131
001132
001133
00113322
001134
001135
001136
001137
001138
001139
001140
001141
00114110
001142
001143
001144
001145
001146
001147
001148
001149
001150
001150629
001151
001152
001153
001154
001155
001156
001157
001158
001159
001160
001161
001162
001162288054
001163
001164
001165
001166
001167
001168
001169
001170
001171
0011719809741493
001172
001173
001174
001175
001176
001177
001178
001179
001180
001181
0011813041171179
001182
001183
00118328853
001184
001185
001186
001187
001188
001189
001190
001191
0011913800749318
001192
001193
001194
001195
001196
001197
001198
001199
001200
001201
001202
001203
001204
001205
001206
001207
001208
001209
001210
001211
001212
001213
001214
00121447845
001215
001216
001217
001218
001219
001220
001221
001222
001223
001224
001225
001226
001227
001228
001229
001230
001231
001232
001233
001234
001235
001236
001237
001238
001239
001240
00124094914
001241
001242
001243
001244
001245
001246
001247
001248
001249
001250
001251
001252
001253
001254
001255
001256
001257
001258
001259
001260
001261
001262
001263
001264
001265
001266
001267
001268
001269
00126955113
001270
001271
001272
001273
001274
001275
001276
001277
001278
001279
001280
001281
001282
001283
001284
001285
001286
001287
001288
001289
001290
001291
001292
001293
001294
001295
0012955320828
001296
001297
001298
001299
001300
001301
001302
001303
001303873361098
001304
001305
001306
001307
001308
001309
001310
001311
001312
001313
001314
001315
0013154
001316
001317
001318
001319
001320
001321
001322
001323
001324
001325
001326
001327
0013275
001328
001329
001330
001331
001332
001333
001334
001335
001336
001337
0013370856774
001338
001339
001340
001341
001342
001343
001344
001345
001346
001347
001348
001349
001350
0013502
001351
001352
001353
001354
001355
001356
001357
001358
001359
001360
001361
001362
001363
001364
0013642
0013645592275855
001365
001366
001366439621273
001367
001368
001369
001370
001371
0013719567887781
001372
001373
001374
001375
001376
001377
001378
001379
001380
001381
001382
001383
00138384963
001384
001385
001386
001387
001388
001389
001390
001391
001392
001393
001394
001395
001396
001397
001398
001399
001400
001401
001402
001403
001404
001405
001406
001407
001408
001409
001410
001411
001412
001413
001414
001415
001416
0014165704
001417
001418
0014182919488
001419
001420
001421
001422
001423
001424
001425
001426
001427
001428
001429
001430
001431
001432
001433
001434
001435
001436
001437
001438
001439
001440
001441
001442
001443
001444
001445
001446
001447
001448
001449
001450
001451
001452
00145252848420
001453
001454
001455
001456
001457
001458
00145831
001459
001460
001461
001462
001463
001464
001465
001466
001467
001468
001469
001470
001471
001472
001473
001474
001475
001476
001477
001478
001479
001480
001481
001482
001483
001484
001485
001486
001487
001488
001489
001490
001491
001492
001493
001494
001495
001496
001497
001498
001499
001500
001501
001502
001503
001504
001505
001506
001507
001508
001509
001510
001511
001512
001513
001514
001515
001516
001517
001518
001519
001520
001521
001522
0015226220519604
001523
001524
001525
001526
001527
001528
001529
001530
001531
001532
001533
001534
00153466971
001535
001536
001537
001538
001538989
001539
001540
001541
001542
0015429383
001543
001544
001545
001546
001547
00154796
001548
001549
00155
001550
00155028
001551
001552
001553
001554
001555
001556
001557
001558
001559
001560
001561
001562
001563
001564
001565
001566
001567
001568
001569
001570
0015709784351
001571
001572
001573
001574
00157457346844
001575
001576
0015761
001577
001578
001579
001580
0015803517340779
0015809283290
001581
001582
001583
001584
001585
001586
001587
001588
001589
001590
001591
001592
001593
001594
001595
001596
001597
001598
001599
001600
001601
001602
001603
001604
001605
001606
001607
001608
001609
001610
001611
001612
001613
001614
001615
001616
001617
001618
001619
001620
001621
001622
001623
0016233
001624
001625
001626
001627
001628
001629
001630
001631
001632
001633
001634
001635
001636
001637
001638
001639
001640
001641
001642
001643
001644
001645
001646
001647
001648
001649
001650
001651
001652
001653
001654
001655
001656
001657
001658
001659
001660
001661
001662
001663
001664
001665
001666
001667
001668
001669
001670
001671
001672
001673
001674
001675
001676
001677
001678
001679
001680
001681
001682
00168276630
001683
001684
001685
001686
001687
001688
001689
001690
001691
00169139
001692
001693
001694
001695
001696
001697
001698
001699
001700
001701
001702
001703
001704
001705
001706
001707
001708
001709
001710
001711
001712
001713
001714
001715
001716
001717
001718
001719
001720
001721
001722
001723
001724
001725
001726
001727
001728
001729
001730
001731
001732
001733
00173381
001734
00173439274
001735
001736
001737
0017378974165239
001738
001739
001740
001741
001742
001743
001744
00174404765572
001745
0017459948136
001746
001747
001748
001749
001750
001751
001752
001753
001754
001754207124
001755
001756
001757
001758
001759
001760
001761
001762
001763
001764
0017645119
001765
001766
001767
001768
001769
0017694341907
001770
001771
001772
001773
001774
001775
001776
001777
001778
001779
001780
001781
001782
001783
001784
001785
001786
001787
001788
001789
001790
001791
0017912961
001792
001793
001794
001795
001796
001797
001798
001799
001800
001801
001802
001803
001804
001805
001806
0018064
001807
001808
001809
001810
001811
0018119344225791
001812
001813
001814
001815
001816
001817
0018174339101315
001818
001819
001820
001821
001822
001823
001824
001825
001826
001827
0018273867
001828
001829
001830
001831
001832
001833
001834
001835
001836
001837
001838
001839
001840
001841
001842
001843
00184373848254
001844
001845
001846
001847
001848
001849
00184941
001850
001850364
001851
001852
001853
001854
001855
001856
001857
001858
001859
001860
001861
001862
00186216755854
001863
001864
001865
001865157026044
001866
00186664332
001867
001868
001869
001870
001871
001872
001873
001874
001875
001876
001877
001878
001879
001879994
001880
001881
00188160448
001882
001883
001884
001885
001886
001887
001888
001889
001890
001891
001892
001893
001894
001895
001896
001897
001898
001898100368
001899
001900
001901
001902
001903
001904
001905
001906
001907
001908
001909
001910
001911
001912
001913
001914
001915
0019156841325
001916
001917
001918
001919
001920
001921
001922
001923
001924
001925
001926
001927
001928
001929
001930
001931
001932
001933
001934
001935
001936
001937
001938
001939
001940
001941
001942
001943
001944
001945
001946
001947
001948
0019480
001949
001950
0019500837
001950607102220
001951
001952
001953
001954
001955
001956
001957
001958
001959
001960
001961
001962
001963
001964
001965
001966
001967
001968
001969
001970
00197058
001971
001972
001973
001974
001975
001976
0019764448241
001977
001978
001979
001980
001981
001982
001983
00198326078
001984
001985
001986
0019868601068
001987
001988
001989
001990
001991
001992
00199281
001993
001994
001995
0019953695368
001996
001997
001998
001999
001hazja31
002000
002001
002002
00200237984
002003
002004
002005
002006
002007
002008
002009
002010
002011
002012
002013
002014
002015
002016
002017
002018
002019
002020
002021
002022
002023
002024
002025
002026
002027
00202786918955
002028
002029
002030
002031
002032
002033
002034
002035
002036
002037
002038
002039
0020391144745
002040
002041
002042
002043
002044
002045
002046
002047
002048
002049
002050
002051
002052
0020521060489419
002053
002054
002055
002055017573
002056
002057
002058
002059
002060
002061
002062
002063
002064
002064689
002065
002066
002066108
002067
002068
002069
002070
002071
002072
002073
00207392909873
002074
002075
002076
0020762428
0020763965371
002077
002078
002079
002080
002081
002082
002083
002084
002085
002086
002087
0020879
002088
002089
002090
002091
002092
002093
002094
002095
002096
002097
002097552120
002098
002099
002100
002100605
002101
002102
002103
002104
002105
002105320993
002106
002107
002108
002109
002110
002111
002112
002113
002114
002115
002116
002117
002118
002119
002120
0021205688113985
002121
002122
002123
002123060085568
002124
002125
002126
002127
002128
002129
002130
002130004628
002131
002132
002133
002134
002135
002136
0021362905
002137
002138
002139
002140
002141
002142
002143
002144
002145
002146
002147
002148
002149
002150
002151
002152
002153
002154
002155
002156
002157
002158
002159
002160
002161
002162
002163
002164
002165
002166
002167
002168
002169
002170
002171
002172
002172499999
002173
002174
002175
002176
002177
002178
002179
002180
002181
002182
002183
002184
002185
002186
002187
002188
002189
002190
00219028
00219053
002191
002192
002193
002194
002195
002196
002197
002198
002199
002200
002201
002202
002203
002204
002205
002206
002207
002208
002209
002210
002211
002212
002213
002214
002215
002216
002217
002218
002219
002220
002221
002222
002223
002224
002225
002226
002227
002228
002229
002230
002231
002232
002233
002234
002235
002236
002237
0022371048889242
00223788991015
002238
002239
002240
002241
002242
002243
002244
0022445
002245
002246
002247
0022470006736
002248
002249
00225
002250
002251
002252
002253
002254
002255
002256
002257
002258
002259
002260
002261
002262
002263
0022631407
002264
002265
002266
002267
002268
002269
002270
002271
002272
002273
002274
002275
002276
002277
002278
002279
002280
002281
002282
002283
002284
002285
002286
002287
002288
002289
002290
002291
002292
002293
0022934788880
002294
002295
002296
002297
002298
002299
002300
002301
002302
002303
002304
002304637
002305
002306
002307
002308
002309
002310
002311
002312
002313
002314
002315
002316
002317
002318
002319
002320
002321
002322
002323
002324
002325
002326
002327
002328
002329
002330
002331
002332
002333
002334
002335
002336
002337
002338
002339
002340
002341
002342
002343
002344
002345
002346
002347
002348
002349
00234929038221
002350
002351
002352
002353
002354
002355
002356
002357
002358
002359
002360
002361
002362
002363
002363574162
002364
002365
002366
00236614423
002367
002368
002369
002370
002371
002372
002373
002374
002375
002376
002377
002378
002379
002380
002381
002382
002383
002384
002385
002386
002387
002388
002389
002390
002391
002392
002393
002394
002395
002396
002397
002398
002399
002400
002401
002402
002403
002404
002405
002406
002406798084873
002407
002408
002409
002410
002411
002412
002413
002414
002415
002416
002417
002418
002419
002420
002421
002422
002423
002424
00242417070618
002425
002426
002427
002428
002429
002430
002431
002432
002433
0024337
002434
002435
002436
002437
002438
002439
002440
002441
002442
002443
002444
002445
002446
002447
002448
002449
002450
002451
00245129
002452
002453
002454
002455
002456
002457
002458
002459
002460
002461
002462
002463
002464
002465
002466
002467
002468
002469
002470
002471
002472
002473
0024730966951
002474
002475
002476
002477
002478
002479
002480
002481
002482
002483
002484
002485
002486
002486804
002487
002488
002489
002490
002491
002492
002493
002494
002495
002496
002497
002498
002499
002500
002501
002502
002503
002504
002504810944804
002505
002506
002507
002508
002509
002510
002511
002512
002513
00251344131
002514
002514202172348
0025145477089
002515
002516
002517
002518
002519
002520
002521
002522
002523
002524
002525
002526
002527
002528
002529
002530
002531
002532
002533
002534
002535
002536
002537
002538
002539
002540
002541
002542
002543
002544
002545
002546
002547
002548
002549
002550
002551
002552
002553
002554
002555
0025550199936316
002556
002557
002558
002559
002560
002561
002562
002563
002564
002565
002566
002567
002568
002569
002570
002571
002572
002573
002574
002575
002576
002577
002578
002579
002580
002581
00258125075754
002582
002583
002584
002585
002586
002587
00258768
002588
002589
002590
002591
002592
002593
002594
002595
002596
002597
002598
002599
002600
002601
002602
002603
002604
002605
002606
002607
002608
002609
002610
002611
002612
002613
002614
002615
002615778569
002616
002617
002618
002619
002620
002621
002622
002623
002624
002625
002626
002627
002628
002629
002630
002631
002632
002633
002634
002635
002636
002637
002638
002639
002640
002641
002642
002643
002644
002645
002646
002647
002648
00264852790
002649
002650
002651
00265102311
002652
002653
002654
002654116
002655
002656
002657
002658
002659
002660
002661
0026614312
002662
002663
002664
002665
002666
002667
002668
002669
002670
002671
002672
002673
002674
002675
002676
002677
002678
002679
002680
002681
002682
002683
002684
002685
002686
002687
002687030577
002688
002689
002690
002691
002692
002693
002694
002695
002696
002697
002698
002699
002700
002701
002702
0027021458329
002703
002704
002705
002706
002707
002708
002709
002710
002711
002712
002713
002714
002715
002716
002717
002718
002719
002720
002721
002722
002723
002724
002725
002726
002727
002728
002729
002730
002731
002732
002733
002734
002735
002736
002737
002738
002739
002740
002741
002742
002743
002744
002745
002746
002747
002748
002749
002750
002751
002752
0027523
002753
002754
002755
002756
002757
002758
002759
002760
002761
002762
002763
002764
002765
0027657854150030
002766
002767
00276787800
002768
002769
002770
002771
0027717
002772
002773
002774
002775
002776
002777
002778
002779
002780
002781
002782
002783
002784
002785
002786
002787
002788
0027884621539
002789
00278941116
002790
002791
002792
002793
002794
002795
002796
002797
002798
002799
002800
002801
002802
002803
002804
002805
002806
002807
002808
002809
002810
002811
002812
002813
002814
002815
002816
002817
00281761
002818
002819
002820
002821
002822
002823
002824
002825
002826
002827
002828
002829
002830
002831
002832
002833
002834
002835
002836
002837
002838
002839
002840
002841
002842
002843
002844
002845
002846
002847
002848
002849
002850
002851
002852
002853
002854
002855
002856
002857
002858
002859
002860
002861
002862
002863
002864
002865
002866
002867
002868
002869
002870
002871
002872
002873
002874
002875
002876
002877
002878
002879
002880
002881
002882
002883
002884
002885
002886
002887
002888
002889
002890
002891
002892
002893
002894
002895
002896
002897
002898
002899
002900
002901
002902
002903
002904
002905
0029053
002906
002907
002908
002909
002910
002911
002912
00291248377292
002913
002914
002915
002916
002917
002918
002919
002920
002921
002922
002923
002924
002925
002926
002927
002928
00292808
002929
002930
002931
002932
002933
002934
002935
002936
002937
002938
002939
0029391789002
002939653
002940
002941
002942
002943
002944
002945
002946
002947
002948
002949
002950
002951
002952
002953
002954
002955
002956
002957
002958
002959
002960
002961
002962
002963
002964
002965
002966
002967
002968
002969
002970
00297030980737
002971
0029710657
002972
002973
002974
002975
002976
002977
002978
002979
002980
002981
002982
002983
002984
002985
002986
002987
002988
002989
002990
002991
002992
002993
002994
002995
002996
002997
002998
002999
002rmb
002zk4e1v
003000
003001
003002
003003
003004
003005
003006
003007
003008
0030089570024
003009
003010
003011
003012
003013
003014
003015
003016
003017
003018
003019
003020
003021
003022
003022119755403
003023
003024
003025
003026
003027
00302700173644
003028
003029
003030
003031
003032
003033
003034
00303460
003035
003036
003037
003038
003039
003040
003041
003042
003043
003044
003045
003046
003047
003048
003049
003050
003051
003052
003053
003054
003055
003056
003057
003058
003059
003060
003061
003062
003063
003064
003065
003066
0030662
003067
003068
003069
003070
003071
003072
003073
003074
003075
003076
003077
003078
003079
003080
003081
003082
003083
003084
0030849181
003085
003086
003087
003088
003089
003090
003091
003092
003093
00309336
003094
003095
003096
003097
003098
003099
003100
003101
003102
003103
003104
003105
003106
003107
003108
003109
003110
003111
003112
003113
003114
003115
003116
003117
003118
003119
003120
003121
003122
003123
003124
003125
003126
0031260
003127
003128
003129
003130
003131
003132
003133
003134
003135
003136
003137
003138
003139
003140
003141
003142
003143
003144
003145
003146
003147
003148
003149
003150
003151
003152
0031523522705341
003153
003154
003155
003156
003157
003158
003159
00315900784
003160
003161
0031611
003162
00316253
003163
003164
003164219
003165
003166
003167
003168
003169
003170
003171
003172
003173
003174
003175
003176
003177
003178
003179
003180
003181
003182
003183
003184
003185
003186
0031865274771
003187
003188
003189
003190
003191
003192
0031923428174
003193
003194
003195
00319525
003196
003197
003198
003199
003200
003201
003202
003203
003204
003205
003206
003207
003208
003209
003210
003211
003212
003213
003214
0032140312
003215
003216
003217
003218
003219
003219304499861
003220
0032206895
003221
003222
003223
003224
003225
003226
003227
003228
0032283904986728
003229
003230
003231
003232
003233
003234
003235
003236
003237
003238
003239
003240
003241
003242
003243
003244
003245
003246
003247
003248
003249
003250
003251
003252
003253
00325381
003254
003255
003256
003257
003258
003259
003260
003261
003262
0032625140650
003263
003264
003265
003266
003267
003268
003269
003270
003271
003272
003273
003274
003275
0032751456139
003276
003277
003278
003279
003280
003281
003282
003283
003284
003285
003286
003287
003288
003289
003290
0032902133088676
003291
003292
0032926946415735
003293
003294
003295
003296
003297
003298
003299
003300
003301
003302
003303
003304
003305
003306
003307
003308
003309
003310
003311
003312
003313
003314
0033149
003315
003316
003317
00331729524839
003318
003319
003320
003321
003322
003323
003324
003325
003326
003327
003328
003329
003330
003331
003332
003333
003334
003335
003336
003337
003338
003339
003340
003341
003342
0033427049015195
003343
003344
003345
003346
003347
003348
003349
003350
003351
003352
003353
003354
003355
003356
003357
003358
003359
003360
003361
003362
003363
003364
0033642764
003365
003366
003367
003368
003369
003370
003371
003372
003373
003374
003375
003376
003377
003378
003379
003379081862
003380
003381
003382
003383
003384
003385
003386
003387
003388
003389
003390
003391
003392
003393
003394
003395
003396
003397
003398
003399
003400
003401
003402
003403
003404
003405
003406
003407
0034073574
003408
003409
003410
003411
003412
003413
003414
00341450047
003415
003416
003417
0034175
003418
003419
003420
003421
003422
0034227032942302
003423
003424
003425
003426
003427
003428
003429
003430
003431
003432
003433
003434
003435
003436
003437
003438
003439
003440
003441
003442
003443
003444
003445
003446
003447
00344794
003448
003449
003450
003451
0034511398973
003452
003453
003454
003455
003456
003457
003458
003459
003460
0034609240679076
003461
003462
003463
003464
003465
003466
003467
003468
003469
003470
003471
003472
003473
003474
003475
003475516758
003476
003477
003478
003479
003480
003481
003482
003483
003484
003485
003486
003487
003488
003489
003490
003491
003492
003493
003494
003495
003496
003496978
003497
003498
003499
003500
003501
003502
003503
00350378747
003504
003505
003506
003507
003508
003509
003510
003511
003512
003513
003514
003515
003516
003517
003518
003519
003520
003521
003522
003523
003524
0035249
003525
003526
0035265826695019
003527
003528
003529
003530
003531
003532
003533
003534
003535
003536
003537
003538
003539
003540
003541
003542
003543
003544
003545
003546
003546051296
003547
003548
003549
003550
003551
003552
003553
003554
003555
003556
003557
003558
003559
00355902411
003560
003560387208810
003561
003562
003563
003564
003565
003566
003567
003568
003569
003570
0035707691
003571
003572
003573
0035734
003574
003575
003576
003577
003578
00357836
003579
003580
003580350858
003581
003582
003583
003584
0035840993898259
003585
003586
003587
003588
003589
003590
003591
003592
003593
003594
003595
003596
003597
003598
003599
0035rod2vve1i9o
003600
003601
003602
003603
003604
003605
003606
003607
003608
003609
003610
003611
003612
003613
003614
003615
003616
003617
003618
003619
003620
003621
003622
003623
003624
003625
003626
003627
003628
003629
003630
003631
003632
003633
003634
003635
003636
003637
003638
003639
003640
003641
0036419927746541
003642
003643
003644
003645
003646
0036466
003647
003648
003649
003650
003651
003652
003653
003654
003655
003656
003657
003658
003659
003660
003661
003662
0036621391258
003663
003664
003665
003666
00366688
003667
003668
003669
003670
003671
003672
003673
003674
003674278342
003675
003676
003677
003678
003678215069
003679
003680
003681
003682
003683
003684
003685
003686
003687
003688
003689
003690
003691
003692
003693
003694
003695
003696
003697
003698
003699
003700
00370071338982
003700723
003701
003702
003703
003704
003705
003706
003707
003708
003709
003710
003711
003712
003713
003714
003715
003716
003717
003718
003719
003719096487
003720
003721
003722
003723
003724
003725
003726
003727
003728
003728311065
003729
003730
003731
003732
003733
0037330693
003734
003735
003736
003737
003738
003739
003740
003741
003742
003743
003744
003745
003746
003747
003748
003749
003750
003750272
003751
003752
003753
003754
003755
003756
003757
003758
003759
003760
003761
003762
003763
003764
003765
003766
003767
003768
003769
003770
003771
003772
003773
003774
003775
003776
003777
003778
003779
003780
003781
003782
003783
003784
003785
003786
003787
003788
0037883
003789
003790
003791
003792
003793
003794
003795
003796
003797
003798
003799
003800
003801
003802
003803
003804
003805
003806
003807
003808
003809
003810
003811
003812
003813
003814
003815
003816
00381660657
003817
003818
003819
003820
003821
003822
0038222
003823
003824
003825
003826
003827
003828
003829
003830
003831
003831408733
003832
003833
003834
003835
003836
00383631860
003837
003838
003839
003840
003841
003841840772820
003842
003843
003844
003845
003846
003847
003847111797
003848
003849
003850
003851
0038511
003852
003853
003854
003855
003856
003857
003858
003859
003860
003861
003862
003863
003864
003865
003866
003867
003868
003869
003870
003871
003872
003873
003874
003875
003876
003877
003878
003879
00387927994
003880
003881
003882
003883
003884
003885
003886
003887
003888
003889
003890
003891
003892
003893
003894
003895
003896
003897
003898
003899
003900
003901
003902
003902356
003903
003904
003905
003906
003907
003908
003909
003910
003911
003912
003913
003914
003915
003916
003917
003918
003919
003920
003921
003922
003923
003924
003925
003926
003927
003928
003929
003930
003931
003932
003933
003934
00393453544636
003935
003935314709639
003936
003937
003938
003939
003940
003941
003942
003943
003944
003945
003946
003947
003948
003949
003950
003951
003952
003953
003954
003955
003956
003957
003958
003959
003960
003961
0039619
003962
003963
003964
003965
003966
003967
003968
003969
003970
003971
003972
003973
003974
003975
003976
003977
003978
003979
003980
003981
003982
003983
003984
003985
003986
003987
003988
003989
003990
003991
003992
003993
003994
0039944372
003995
003996
003997
003998
003999
003cjlqw5p
003wi60
004000
004001
004002
004003
004003608
004004
004005
004006
004007
004008
004009
004010
004011
004012
004013
004014
004015
004016
004017
004018
004019
004020
004021
00402125073
004022
004023
004024
004025
004026
004027
004028
00402811513
004029
004030
004031
004032
004033
004034
0040346205
004035
004036
004037
004038
004039
004040
004041
004042
004043
004044
00404491907
004045
004046
004047
004048
004048074179862
004049
004050
004051
004052
004053
004054
004055
004056
004057
004058
004059
004060
004061
004062
004063
004064
004065
004066
004067
004068
004069
0040696601
004070
004071
004072
004073
004074
004075
00407519741462
004076
004077
004078
004079
004080
004081
004082
004083
004084
004085
004086
004087
00408776349256
004088
004089
004090
00409095393081
004091
004092
004093
004094
004095
004096
004097
004098
004099
004100
004101
004102
004103
004104
004105
004106
004107
004108
004109
004110
004111
004112
004113
004114
004115
004116
004117
004118
004119
004120
004121
004122
004123
004124
004125
004126
004127
004128
004129
004130
004131
004132
004133
004134
004135
004136
004137
004138
004139
00413934358
004140
004141
0041418
004142
004143
004144
004145
004146
004147
004148
004149
004150
0041502
004151
004152
004153
004154
004155
004156
004157
004158
004159
004160
004161
004162
004163
004164
004165
004166
004167
004168
004169
004169227479
004170
004171
004172
004173
004174
004175
00417527737
004176
004177
004178
004179
004179507756
004180
004181
004182
004183
004184
004185
004186
004187
004188
004189
004190
004191
004192
004193
004194
004195
004196
004197
004198
004199
004200
004201
004202
004203
004204
00420489
004205
004206
004207
004208
004209
004210
004211
004212
004213
0042134213
004214
004215
004216
004217
004217213
004218
004219
004220
004221
004222
004223
004224
004225
004226
004227
004228
004229
004230
004231
004232
004233
004234
004235
004236
004237
004238
004239
004240
004241
00424181701833
004242
004243
004244
004245
004246
004247
004248
004249
004250
004251
00425133
004252
004253
004254
004255
004256
004257
004258
004259
004260
004261
004262
004263
004264
004265
004266
004266166609
004267
004268
004269
004270
004271
004272
004273
004274
004275
004276
004277
004278
004279
004280
004281
004282
004283
004284
004285
004286
004287
004288
004289
004290
004291
004292
004293
004294
004295
004295929
004296
004297
004298
004299
0042999148738796
004300
004301
004302
004303
004304
004305
004306
004307
004308
004309
004310
004311
004312
004313
004314
004315
00431555
004316
004317
004318
004319
004320
004321
004322
004323
004324
004325
004326
004327
004328
004329
004330
00433004849
004331
004332
004333
004334
004334782
004335
004336
004337
004338
004338330749
004339
004340
004341
004342
004343
004344
004345
004346
004347
004347914
004348
004349
004350
004351
004352
004353
004354
004355
004356
004357
004358
004359
004360
004361
004362
004363
004364
004365
004366
004367
004368
004369
004370
004371
004372
004373
004374
004375
004376
004377
004378
0043789917372451
004379
004380
004381
004382
004383
004384
004385
0043850781460
004386
004387
004388
004389
004390
004391
004392
004393
004394
004395
004396
004397
004398
0043984
004399
004400
004401
004402
004403
004404
004405
004406
004407
004408
004409
004410
004411
004412
004413
004414
004415
004416
004417
004418
004419
004420
004421
004422
004423
004424
004425
004426
0044263034321599
004427
004428
004429
004430
004431
004432
004433
004434
004435
004436
004437
004438
004439
00443997
004440
004441
004442
004443
004444
004445
004446
004447
004448
004449
004450
004451
004452
004453
004454
004455
004456
0044566
004457
004458
004459
004460
004461
004461903536
004462
004463
004464
004465
004466
004467
004468
004469
004470
00447096019969
004471
004472
004473
004474
004475
0044751607694932
004476
0044760523664988
004477
004478
004479
004480
00448072
004481
004482
004483
004484
004485
004486
004487
004488
004489
004490
004491
004492
004493
004494
004495
0044954087
004496
004497
004498
004499
004500
004501
004502
004503
004504
004505
0045057665079111
004506
004507
004508
004509
004510
004511
004512
004513
004513004
004514
004515
0045157351
004516
004517
004518
004519
004520
004521
004522
004523
004524
004525
004526
004527
004528
004529
004530
004531
004532
004533
004534
0045346859858
004535
004536
004537
004538
004539
004540
004541
004542
004543
004544
004545
004546
004546261338362
004547
004548
004549
004550
004550676501346
004551
004552
004553
004554
004555
004556
004557
004558
004559
004560
004561
004562
004563
004564
004565
004566
00456662
004567
004568
004569
004570
0045706
004571
004572
004573
004574
004575
004576
004577
004578
004579
004580
004581
004582
004583
004584
004585
004586
004587
004588
004589
004590
004591
004592
004593
004594
004595
004596
004597
004598
004599
004600
004601
004602
004603
004604
004605
004606
004607
004608
004609
004610
004611
004612
004613
004614
004615
004616
004617
004618
004619
004620
004621
004622
004623
004624
004625
004626
004627
004628
004629
004630
004631
004632
004633
004634
004635
004636
004637
004638
004639
004640
004641
004642
004643
004644
004645
004646
004647
004648
004649
004650
0046504822036640
004651
004652
004653
004654
004655
004656
004657
004658
004659
004660
004661
004662
004663
004664
004665
004666
004667
004668
004669
004670
004671
0046712259
004672
004673
004674
004675
004676
004677
004678
004679
004680
004681
004682
004683
004684
00468437
004685
004685587463685
004686
004687
004688
004689
0046891
004690
004691
004692
00469272700
004693
004694
004695
004696
004697
004698
004699
004700
004701
004702
004703
004704
004705
004706
004707
004708
004709
004710
004711
004712
004713
004714
004715
004716
004717
004718
004719
004720
004721
004722
004723
004724
004725
004726
004727
004728
004729
004730
004731
004732
004733
004734
004735
004736
0047362552080
004737
004738
004739
004740
004741
004742
004743
004744
004745
004746
004747
004748
004749
004750
004751
004752
004753
004753240476
004754
004755
004756
004757
004758
004759
004760
004761
004762
004763
004764
004765
004766
004767
004768
004769
004770
004771
004772
004773
004774
004775
004776
004777
004778
004779
0047794220
004780
004781
004782
004783
00478315130038
004784
004785
004786
004787
004788
004789
004790
004791
004792
004793
004794
004795
004796
004796023
004797
004798
004799
0047990357470
004800
004801
004802
004803
004804
004805
004806
004807
004808
004809
004810
0048109
004811
004812
004813
004813239646158
004814
004815
004816
004817
004818
004819
0048196
004820
004821
004822
004823
004824
004825
0048250140
0048252
004826
004827
004828
0048283
004829
004830
004831
004832
004833
004834
004835
004836
004837
004838
004839
004840
004841
0048413192316
004842
004843
004844
004845
004846
004847
004847751484045
004848
004849
004850
004851
004852
00485247828
004853
004854
004855
004856
004857
004858
004859
004860
004861
004862
004863
004864
004865
004866
004867
004868
004869
004870
004871
004872
004873
004874
004875
004876
004877
004878
004879
0048797086474060
004880
004881
004882
004883
004884
004885
004886
004887
004888
004889
004890
004891
00489128514818
004892
004893
004894
004895
004896
00489629
004897
004898
004899
004899962382892
004900
004901
004902
004903
004904
004905
004906
004907
004908
004909
004910
004911
004912
0049121499506952
004913
004914
004915
004916
0049168352
004917
0049170906
004918
004919
004920
004921
004922
004923
004924
004925
00492539232
004926
004927
004927938436935
004928
004929
004930
004931
004932
004933
004934
004935
004936
004937
004938
004939
004940
004941
004942
004943
004944
004944270
004945
004946
004947
004948
004949
004950
004951
004952
004953
004954
004955
004956
004957
004958
004959
004960
004961
004962
004963
004964
004965
004966
004967
004968
004969
004970
004971
004972
004973
00497389
004974
004975
004976
004977
004978
004979
004980
004981
004982
004983
004984
004985
004985781
004986
004987
004988
004989
004990
004991
004992
004993
004994
004995
004996
004997
004998
004999
004rnwzly
004wnlg858
005000
005001
005002
005003
005004
005005
005006
005007
005008
005009
005010
005011
005012
005013
005014
005015
005016
005017
005018
005019
005020
005021
005022
005023
005024
005025
005026
005027
005028
005029
005030
005031
005032
005033
005034
005035
005036
005037
005038
005039
005040
005041
005042
005043
005044
005045
005046
005047
005048
005049
005050
00505076628448
005051
005052
005053
005054
005055
005056
005057
005058
005059
005060
005061
005062
005063
005064
005065
005066
005067
005068
005069
005070
005071
005072
005073
005074
005075
005076
005077
005078
005079
005080
005081
005081244217
00508170
005082
005083
005084
005085
005086
005087
005088
005089
005090
005091
005092
005093
005094
005095
005096
005097
005098
005099
005100
005101
005102
005103
005104
005105
005106
005107
005108
005109
005110
005111
005112
005112846733055
005113
005114
005115
005116
005117
005118
005119
005119296027662
005120
005121
005122
005123
005124
005125
005126
005127
00512786644
005128
005129
005130
005131
005132
005133
005134
005135
005136
005137
005138
005139
005140
005141
005142
005143
005144
005145
005146
005147
005148
005149
005150
005151
005152
005153
005154
005155
005156
005157
005158
005159
005160
005161
005162
005163
005164
005165
005166
005167
005168
005169
005170
005171
005172
005173
005174
0051749463091973
005175
005176
0051761186598
005177
005178
005179
005180
005181
005182
005183
005184
005185
005186
005187
005188
005189
005190
005191
005192
005193
005194
005195
005196
005197
005198
005199
005200
005201
005202
005203
005204
005205
0052059801
005206
005207
005208
005209
005210
005211
005212
005213
005214
005215
005216
005217
005218
005219
005220
005221
005222
005223
005224
005225
005226
005227
005228
005229
005230
005231
005232
005233
005234
005235
005236
005237
005238
005239
005240
005241
005242
005243
005244
005245
005246
005247
005248
005249
005250
005251
005252
005253
005254
005255
005256
005257
005258
005259
005260
005261
005262
005262088485
005263
005264
005265
005266
005267
005268
005269
005270
005271
005272
005273
005274
005275
005276
005277
005278
005279
005280
005281
005282
005283
005284
005285
005286
005287
005288
005289
005290
005291
005292
005293
005294
005294559821
005295
005296
005297
005298
005299
0052991682
005300
0053009
005301
005302
005303
005304
005305
005306
005306898
005307
005308
005309
005310
005311
005312
005313
005314
0053148
005315
005316
005317
005318
005319
005320
005321
005322
005323
005324
005325
005326
005327
005328
005329
005330
005331
005332
005333
005334
0053347347212118
005335
005336
0053369029
005337
005338
005339
005340
005341
005342
005343
005344
005345
005346
005347
005348
005349
005350
005351
005352
005353
005354
005355
005356
005357
005358
005359
005360
005361
005362
005363
005364
005365
005366
005367
005368
005369
005370
005371
005372
005373
005374
005375
005376
005376644
005377
005378
005379
005380
005380612
005381
005382
005383
005384
005385
005386
005387
005388
005389
005390
005391
00539162546
005392
005393
005394
005395
005396
005397
005397933341516
005398
005399
005400
005401
005402
005403
005404
005405
005406
005407
005408
005409
005410
005411
005412
005413
005414
005415
005416
005417
005418
0054189567325
005419
005420
005421
005422
005423
005424
005425
005426
005427
005428
005428336
005429
005430
005431
005432
005433
005434
005435
00543510
005436
005437
005438
005439
005440
005440784060
005441
005442
005443
005444
005445
005446
005447
005448
005449
005450
005451
005452
005453
005454
005455
005456
005457
005458
005459
005460
005461
005462
005463
005464
005465
005466
005467
005468
005469
005470
005471
005472
005473
005474
005475
005476
005477
005478
005479
005480
005481
005482
005483
005483
005484
005485
005486
005487
005488
005489
005490
005491
005492
005493
005494
005495
005496
005497
005498
005498
005499
005499
005500
005501
005502
005503
005504
005505
005506
005507
005508
005509
005510
005511
005512
005513
005514
005515
826111
826112
826113
826114
826115
826116
826117
826118
826119
826121
826122
826123
826124
826125
826126
826127
826128
826129
826131
826132
826133
826134
826135
826136
826137
826138
826139
826141
826142
826143
826144
826145
826146
826147
826148
826149
826151
826152
826153
826154
826155
826156
826157
826158
826159
826161
826162
826163
826164
826165
826166
826167
826168
826169
826171
826172
826173
826174
826175
826176
826177
826178
826179
826181
826182
826183
826184
826185
826186
826187
826188
826189
826191
826192
826193
826194
826195
826196
826197
826198
826199
826211
826212
826213
826214
826215
826216
826217
826218
826219
826221
826222
826223
826224
826225
826226
826227
826228
826229
826231
826232
826233
826234
826235
826236
826237
826238
826239
826241
826242
826243
826244
826245
826246
826247
826248
826249
826251
826252
826253
826254
826255
826256
826257
826258
826259
826261
826262
826263
826264
826265
826266
826267
826268
826269
826271
826272
826273
826274
826275
826276
826277
826278
826279
826281
826282
826283
826284
826285
826286
826287
826288
826289
826291
826292
826293
826294
826295
826296
826297
826298
826299
826311
826312
826313
826314
826315
826316
826317
826318
826319
826321
826322
826323
826324
826325
826326
826327
826328
826329
826331
826332
826333
826334
826335
826336
826337
826338
826339
826341
826342
826343
826344
826345
826346
826347
826348
826349
826351
826352
826353
826354
826355
826356
826357
826358
826359
826361
826362
826363
826364
826365
826366
826367
826368
826369
826371
826372
826373
826374
826375
826376
826377
826378
826379
826381
826382
826383
826384
826385
826386
826387
826388
826389
826391
826392
826393
826394
826395
826396
826397
826398
826399
826411
826412
826413
826414
826415
826416
826417
826418
826419
826421
826422
826423
826424
826425
826426
826427
826428
826429
826431
826432
826433
826434
826435
826436
826437
826438
826439
826441
826442
826443
826444
826445
826446
826447
826448
826449
826451
826452
826453
826454
826455
826456
826457
826458
826459
826461
826462
826463
826464
826465
826466
826467
826468
826469
826471
826472
826473
826474
826475
826476
826477
826478
826479
826481
826482
826483
826484
826485
826486
826487
826488
826489
826491
826492
826493
826494
826495
826496
826497
826498
826499
826511
826512
826513
826514
826515
826516
826517
826518
826519
826521
826522
826523
826524
826525
826526
826527
826528
826529
826531
826532
826533
826534
826535
826536
826537
826538
826539
826541
826542
826543
826544
826545
826546
826547
826548
826549
826551
826552
826553
826554
826555
826556
826557
826558
826559
826561
826562
826563
826564
826565
826566
826567
826568
826569
826571
826572
826573
826574
826575
826576
826577
826578
826579
826581
826582
826583
826584
826585
826586
826587
826588
826589
826591
826592
826593
826594
826595
826596
826597
826598
826599
826611
826612
826613
826614
826615
826616
826617
826618
826619
826621
826622
826623
826624
826625
826626
826627
826628
826629
826631
826632
826633
826634
826635
826636
826637
826638
826639
826641
826642
826643
826644
826645
826646
826647
826648
826649
826651
826652
826653
826654
826655
826656
826657
826658
826659
826661
826662
826663
826664
826665
826666
826667
826668
826669
826671
826672
826673
826674
826675
826676
826677
826678
826679
826681
826682
826683
826684
826685
826686
826687
826688
826689
826691
826692
826693
826694
826695
826696
826697
826698
826699
826711
826712
826713
826714
826715
826716
826717
826718
826719
826721
826722
826723
826724
826725
826726
826727
826728
826729
826731
826732
826733
826734
826735
826736
826737
826738
826739
826741
826742
826743
826744
826745
826746
826747
826748
826749
826751
826752
826753
826754
826755
826756
826757
826758
826759
826761
826762
826763
826764
826765
826766
826767
826768
826769
826771
826772
826773
826774
826775
826776
826777
826778
826779
826781
826782
826783
826784
826785
826786
826787
826788
826789
826791
826792
826793
826794
826795
826796
826797
826798
826799
826811
826812
826813
826814
826815
826816
826817
826818
826819
826821
826822
826823
826824
826825
826826
826827
826828
826829
826831
826832
826833
826834
826835
826836
826837
826838
826839
826841
826842
826843
826844
826845
826846
826847
826848
826849
826851
826852
826853
826854
826855
826856
826857
826858
826859
826861
826862
826863
826864
826865
826866
826867
826868
826869
826871
826872
826873
826874
826875
826876
826877
826878
826879
826881
826882
826883
826884
826885
826886
826887
826888
826889
826891
826892
826893
826894
826895
826896
826897
826898
826899
826911
826912
826913
826914
826915
826916
826917
826918
826919
826921
826922
826923
826924
826925
826926
826927
826928
826929
826931
826932
826933
826934
826935
826936
826937
826938
826939
826941
826942
826943
826944
826945
826946
826947
826948
826949
826951
826952
826953
826954
826955
826956
826957
826958
826959
826961
826962
826963
826964
826965
826966
826967
826968
826969
826971
826972
826973
826974
826975
826976
826977
826978
826979
826981
826982
826983
826984
826985
826986
826987
826988
826989
826991
826992
826993
826994
826995
826996
826997
826998
826999
827111
827112
827113
827114
827115
827116
827117
827118
827119
827121
827122
827123
827124
827125
827126
827127
827128
827129
827131
827132
827133
827134
827135
827136
827137
827138
827139
827141
827142
827143
827144
827145
827146
827147
827148
827149
827151
827152
827153
827154
827155
827156
827157
827158
827159
827161
827162
827163
827164
827165
827166
827167
827168
827169
827171
827172
827173
827174
827175
827176
827177
827178
827179
827181
827182
827183
827184
827185
827186
827187
827188
827189
827191
827192
827193
827194
827195
827196
827197
827198
827199
827211
827212
827213
827214
827215
827216
827217
827218
827219
827221
827222
827223
827224
827225
827226
827227
827228
827229
827231
827232
827233
827234
827235
827236
827237
827238
827239
827241
827242
827243
827244
827245
827246
827247
827248
827249
827251
827252
827253
827254
827255
827256
827257
827258
827259
827261
827262
827263
827264
827265
827266
827267
827268
827269
827271
827272
827273
827274
827275
827276
827277
827278
827279
827281
827282
827283
827284
827285
827286
827287
827288
827289
827291
827292
827293
827294
827295
827296
827297
827298
827299
827311
827312
827313
827314
827315
827316
827317
827318
827319
827321
827322
827323
827324
827325
827326
827327
827328
827329
827331
827332
827333
827334
827335
827336
827337
827338
827339
827341
827342
827343
827344
827345
827346
827347
827348
827349
827351
827352
827353
827354
827355
827356
827357
827358
827359
827361
827362
827363
827364
827365
827366
827367
827368
827369
827371
827372
827373
827374
827375
827376
827377
827378
827379
827381
827382
827383
827384
827385
827386
827387
827388
827389
827391
827392
827393
827394
827395
827396
827397
827398
827399
827411
827412
827413
827414
827415
827416
827417
827418
827419
827421
827422
827423
827424
827425
827426
827427
827428
827429
827431
827432
827433
827434
827435
827436
827437
827438
827439
827441
827442
827443
827444
827445
827446
827447
827448
827449
827451
827452
827453
827454
827455
827456
827457
827458
827459
827461
827462
827463
827464
827465
827466
827467
827468
827469
827471
827472
827473
827474
827475
827476
827477
827478
827479
827481
827482
827483
827484
827485
827486
827487
827488
827489
827491
827492
827493
827494
827495
827496
827497
827498
827499
827511
827512
827513
827514
827515
827516
827517
827518
827519
827521
827522
827523
827524
827525
827526
827527
827528
827529
827531
827532
827533
827534
827535
827536
827537
827538
827539
827541
827542
827543
827544
827545
827546
827547
827548
827549
827551
827552
827553
827554
827555
827556
827557
827558
827559
827561
827562
827563
827564
827565
827566
827567
827568
827569
827571
827572
827573
827574
827575
827576
827577
827578
827579
827581
827582
827583
827584
827585
827586
827587
827588
827589
827591
827592
827593
827594
827595
827596
827597
827598
827599
827611
827612
827613
827614
827615
827616
827617
827618
827619
827621
827622
827623
827624
827625
827626
827627
827628
827629
827631
827632
827633
827634
827635
827636
827637
827638
827639
827641
827642
827643
827644
827645
827646
827647
827648
827649
827651
827652
827653
827654
827655
827656
827657
827658
827659
827661
827662
827663
827664
827665
827666
827667
827668
827669
827671
827672
827673
827674
827675
827676
827677
827678
827679
827681
827682
827683
827684
827685
827686
827687
827688
827689
827691
827692
827693
827694
827695
827696
827697
827698
827699
827711
827712
827713
827714
827715
827716
827717
827718
827719
827721
827722
827723
827724
827725
827726
827727
827728
827729
827731
827732
827733
827734
827735
827736
827737
827738
827739
827741
827742
827743
827744
827745
827746
827747
827748
827749
827751
827752
827753
827754
827755
827756
827757
827758
827759
827761
827762
827763
827764
827765
827766
827767
827768
827769
827771
827772
827773
827774
827775
827776
827777
827778
827779
827781
827782
827783
827784
827785
827786
827787
827788
827789
827791
827792
827793
827794
827795
827796
827797
827798
827799
827811
827812
827813
827814
827815
827816
827817
827818
827819
827821
827822
827823
827824
827825
827826
827827
827828
827829
827831
827832
827833
827834
827835
827836
827837
827838
827839
827841
827842
827843
827844
827845
827846
827847
827848
827849
827851
827852
827853
827854
827855
827856
827857
827858
827859
827861
827862
827863
827864
827865
827866
827867
827868
827869
827871
827872
827873
827874
827875
827876
827877
827878
827879
827881
827882
827883
827884
827885
827886
827887
827888
827889
827891
827892
827893
827894
827895
827896
827897
827898
827899
827911
827912
827913
827914
827915
827916
827917
827918
827919
827921
827922
827923
827924
827925
827926
827927
827928
827929
827931
827932
827933
827934
827935
827936
827937
827938
827939
827941
827942
827943
827944
827945
827946
827947
827948
827949
827951
827952
827953
827954
827955
827956
827957
827958
827959
827961
827962
827963
827964
827965
827966
827967
827968
827969
827971
827972
827973
827974
827975
827976
827977
827978
827979
827981
827982
827983
827984
827985
827986
827987
827988
827989
827991
827992
827993
827994
827995
827996
827997
827998
827999
828111
828112
828113
828114
828115
828116
828117
828118
828119
828121
828122
828123
828124
828125
828126
828127
828128
828129
828131
828132
828133
828134
828135
828136
828137
828138
828139
828141
828142
828143
828144
828145
828146
828147
828148
828149
828151
828152
828153
828154
828155
828156
828157
828158
828159
828161
828162
828163
828164
828165
828166
828167
828168
828169
828171
828172
828173
828174
828175
828176
828177
828178
828179
828181
828182
828183
828184
828185
828186
828187
828188
828189
828191
828192
828193
828194
828195
828196
828197
828198
828199
828211
828212
828213
828214
828215
828216
828217
828218
828219
828221
828222
828223
828224
828225
828226
828227
828228
828229
828231
828232
828233
828234
828235
828236
828237
828238
828239
828241
828242
828243
828244
828245
828246
828247
828248
828249
828251
828252
828253
828254
828255
828256
828257
828258
828259
828261
828262
828263
828264
828265
828266
828267
828268
828269
828271
828272
828273
828274
828275
828276
828277
828278
828279
828281
828282
828283
828284
828285
828286
828287
828288
828289
828291
828292
828293
828294
828295
828296
828297
828298
828299
828311
828312
828313
828314
828315
828316
828317
828318
828319
828321
828322
828323
828324
828325
828326
828327
828328
828329
828331
828332
828333
828334
828335
828336
828337
828338
828339
828341
828342
828343
828344
828345
828346
828347
828348
828349
828351
828352
828353
828354
828355
828356
828357
828358
828359
828361
828362
828363

